2.300988000000000113e+02 -5.043455829999999862e-01 4.493261949999999889e-08 -3.755881760104931891e+06
2.300637999999999863e+02 -4.961877650000000028e-01 4.276060809999999738e-08 -8.540107333487536758e+06
2.300623999999999967e+02 -5.076045460000000453e-01 4.409745090000000087e-08 2.133708730377762113e+06
2.300668000000000006e+02 -5.165169330000000114e-01 3.992050449999999981e-08 -9.131299723514955258e+05
2.300364999999999895e+02 -5.246027819999999897e-01 4.877559550000000123e-08 2.617295250117185991e+06
2.300949999999999989e+02 -5.387418920000000000e-01 4.337341170000000121e-08 -9.531096649687687168e+05
2.300175999999999874e+02 -5.477125290000000035e-01 5.278537899999999758e-08 -1.149658560737793799e+06
2.300686000000000035e+02 -5.557799380000000289e-01 5.980260070000000628e-08 2.523294182611701544e+06
2.300250000000000057e+02 -5.656172310000000536e-01 5.590400930000000017e-08 -1.098092175035369815e+06
2.300576000000000079e+02 -5.769918389999999508e-01 6.626252769999999916e-08 -3.413689152575687505e+06
2.301283999999999992e+02 -5.859272260000000232e-01 6.888004400000000612e-08 -3.031796050879188115e+05
2.300743999999999971e+02 -5.940658699999999959e-01 9.572434309999999926e-08 -3.593072505398003850e+05
2.301475000000000080e+02 -6.082334860000000454e-01 1.351547079999999945e-07 -2.855496277694813907e+05
2.301591999999999985e+02 -6.172025150000000071e-01 1.665644109999999905e-07 -1.609428893140070140e+05
2.301262999999999863e+02 -6.253412069999999545e-01 2.171332310000000070e-07 -9.666800824512036343e+04
2.302044999999999959e+02 -6.384127819999999565e-01 3.523545440000000210e-07 -6.009710835033149488e+04
2.301537999999999897e+02 -6.465425470000000230e-01 4.876316849999999511e-07 -4.003588554864667094e+04
2.301647000000000105e+02 -6.555103589999999869e-01 7.116260309999999759e-07 -2.230393737828729718e+04
2.302393999999999892e+02 -6.696461580000000469e-01 1.345406459999999998e-06 -1.333049127741905068e+04
2.302375000000000114e+02 -6.778000180000000041e-01 1.957076340000000010e-06 -8.892766669728505804e+03
2.302366000000000099e+02 -6.867503640000000020e-01 2.963551190000000066e-06 -5.490030605436916630e+03
2.303020999999999958e+02 -6.981198119999999507e-01 5.034477350000000036e-06 -3.346934689954656278e+03
2.303267999999999915e+02 -7.079443330000000367e-01 7.969856110000000796e-06 -2.224719024030368928e+03
2.302775000000000034e+02 -7.159920140000000099e-01 1.158724819999999929e-05 -1.495721978778562743e+03
2.303327999999999918e+02 -7.248873900000000203e-01 1.753446039999999992e-05 -8.694456256114716552e+02
2.302620000000000005e+02 -7.389082750000000033e-01 3.366069599999999679e-05 -5.370624010015936847e+02
2.302290999999999883e+02 -7.468534340000000382e-01 4.845443130000000109e-05 -3.696431800518961950e+02
2.302496999999999900e+02 -7.555934359999999517e-01 7.209886050000000382e-05 -2.406847096450229344e+02
2.301692999999999927e+02 -7.664646529999999958e-01 1.172667359999999984e-04 -1.600154702936917772e+02
2.301987000000000023e+02 -7.756624199999999636e-01 1.747472220000000065e-04 -1.167391180984801906e+02
2.301208000000000027e+02 -7.830312600000000067e-01 2.378695080000000120e-04 -8.183169336232005264e+01
2.301653000000000020e+02 -7.952007709999999729e-01 3.865834169999999822e-04 -6.004432526492427513e+01
2.301366999999999905e+02 -8.030664290000000261e-01 5.175809420000000455e-04 -4.906340333549717059e+01
2.301166000000000054e+02 -8.096450790000000453e-01 6.516656070000000165e-04 -3.995177712859199204e+01
2.301552000000000078e+02 -8.191840209999999844e-01 8.904270009999999463e-04 -3.396524135817610102e+01
2.300726999999999975e+02 -8.252648830000000046e-01 1.069458909999999961e-03 -2.981247280904952746e+01
2.300963000000000136e+02 -8.324443230000000415e-01 1.310278920000000017e-03 -2.686008455320863675e+01
2.300233000000000061e+02 -8.382038849999999819e-01 1.524707209999999957e-03 -2.395007651191385634e+01
2.300525000000000091e+02 -8.476479799999999676e-01 1.919031419999999918e-03 -2.180741588911734752e+01
2.300138000000000034e+02 -8.538018859999999544e-01 2.201224690000000168e-03 -2.053800892650185972e+01
2.300666999999999973e+02 -8.590390829999999811e-01 2.456224920000000134e-03 -1.920143734012488324e+01
2.301146999999999991e+02 -8.667975669999999910e-01 2.860282379999999798e-03 -1.823220544493100448e+01
2.300561999999999898e+02 -8.718157829999999553e-01 3.135521489999999831e-03 -1.749150685700827168e+01
2.301012000000000057e+02 -8.778208830000000518e-01 3.478836679999999792e-03 -1.661920909964164395e+01
2.300321999999999889e+02 -8.860956610000000344e-01 3.976741120000000171e-03 -1.603554447911353620e+01
2.300714000000000112e+02 -8.908585829999999817e-01 4.273763899999999741e-03 -1.558448918943174810e+01
2.300095000000000027e+02 -8.962728559999999511e-01 4.621178109999999652e-03 -1.509692646205983202e+01
2.300387000000000057e+02 -9.028217859999999595e-01 5.054970379999999992e-03 -1.476194288165052093e+01
2.300098000000000127e+02 -9.079427310000000029e-01 5.401872210000000299e-03 -1.444392273778250591e+01
2.300226000000000113e+02 -9.125189040000000196e-01 5.718695630000000286e-03 -1.407675482261769595e+01
2.300491000000000099e+02 -9.207402649999999467e-01 6.302733720000000192e-03 -1.379456895387025916e+01
2.299985000000000070e+02 -9.256910940000000476e-01 6.661630689999999827e-03 -1.356587112549498997e+01
2.300439000000000078e+02 -9.301746140000000107e-01 6.992130660000000011e-03 -1.340657373476944159e+01
2.299665999999999997e+02 -9.352432619999999641e-01 7.370202499999999914e-03 -1.316436351550668782e+01
2.300229999999999961e+02 -9.414175320000000013e-01 7.839216439999999522e-03 -1.300460003848884227e+01
2.300052000000000021e+02 -9.462356960000000150e-01 8.209713340000000803e-03 -1.285762613185627323e+01
2.300072999999999865e+02 -9.505951500000000554e-01 8.548769240000000241e-03 -1.268537628092946967e+01
2.300329000000000121e+02 -9.576510360000000111e-01 9.104991289999999488e-03 -1.252534208393494097e+01
2.299882000000000062e+02 -9.623894790000000476e-01 9.483299759999999287e-03 -1.241980606323049052e+01
2.300347999999999900e+02 -9.666843929999999752e-01 9.829111439999999728e-03 -1.230868450873595243e+01
2.299784999999999968e+02 -9.732462950000000390e-01 1.036222300000000027e-02 -1.217702178285776249e+01
2.300187999999999988e+02 -9.774754940000000003e-01 1.070953279999999931e-02 -1.209400978528925208e+01
2.299832000000000107e+02 -9.821285530000000152e-01 1.109427359999999932e-02 -1.198157515583403310e+01
2.300037000000000091e+02 -9.897726350000000117e-01 1.173225999999999956e-02 -1.124886894748714816e+01
2.300382999999999925e+02 -1.103480639999999902e+00 2.184065450000000075e-02 -1.069239568462244350e+01
2.299801999999999964e+02 -1.111560459999999972e+00 2.259631490000000090e-02 -1.066002001237431251e+01
2.300307999999999993e+02 -1.118862320000000077e+00 2.328129110000000043e-02 -1.065350752124933642e+01
2.300088000000000079e+02 -1.130189990000000089e+00 2.434457190000000049e-02 -1.056792497877354897e+01
2.300791000000000111e+02 -1.137511179999999955e+00 2.503734650000000173e-02 -1.054817372685056576e+01
2.301091999999999871e+02 -1.145554750000000066e+00 2.579990219999999876e-02 -1.051610811574088800e+01
2.300134999999999934e+02 -1.158840740000000036e+00 2.706329639999999898e-02 -1.043908747022215167e+01
2.300418999999999983e+02 -1.166130359999999921e+00 2.776159690000000110e-02 -1.043241090733105558e+01
2.299842999999999904e+02 -1.174157420000000007e+00 2.853103170000000077e-02 -1.038697730644214623e+01
2.300432999999999879e+02 -1.184389300000000089e+00 2.951609980000000077e-02 -1.036444572640104944e+01
2.300826000000000136e+02 -1.192754440000000082e+00 3.032319940000000047e-02 -1.031997339804567027e+01
2.300516000000000076e+02 -1.200047719999999929e+00 3.102991440000000059e-02 -1.030792084971173317e+01
2.301408000000000129e+02 -1.212496830000000081e+00 3.223763710000000088e-02 -1.026790667712765703e+01
2.300664999999999907e+02 -1.221352879999999974e+00 3.310013519999999848e-02 -1.024822836403095039e+01
2.300925000000000011e+02 -1.228653640000000102e+00 3.381252760000000301e-02 -1.020377945971249645e+01
2.301346000000000060e+02 -1.236744180000000082e+00 3.460542400000000268e-02 -1.021492142464382091e+01
2.300579999999999927e+02 -1.246948720000000010e+00 3.560440770000000005e-02 -1.018022194780657586e+01
2.301120999999999981e+02 -1.255367450000000051e+00 3.643137689999999956e-02 -1.013174513568774948e+01
2.300734999999999957e+02 -1.262648809999999955e+00 3.715004479999999693e-02 -1.016396916573149589e+01
2.300858000000000061e+02 -1.275109700000000013e+00 3.837603140000000329e-02 -1.011655367499712987e+01
2.301522999999999968e+02 -1.283936820000000090e+00 3.924857360000000295e-02 -1.006075014668592615e+01
2.300816000000000088e+02 -1.291207039999999973e+00 3.997120559999999684e-02 -1.009980076269759586e+01
2.301264999999999930e+02 -1.302188010000000062e+00 4.105845179999999955e-02 -1.003396310917940681e+01
2.301008999999999958e+02 -1.309446899999999969e+00 4.178188380000000257e-02 -1.004464966449164720e+01
2.300630999999999915e+02 -1.317779859999999914e+00 4.261147569999999829e-02 -1.004560359279881609e+01
2.301098000000000070e+02 -1.330206350000000093e+00 4.384848350000000033e-02 -9.975022281462671003e+00
2.300440999999999860e+02 -1.337483430000000029e+00 4.457801370000000207e-02 -1.000012321269538518e+01
2.301081000000000074e+02 -1.346330030000000066e+00 4.546266279999999771e-02 -9.981528420557062020e+00
2.300959000000000003e+02 -1.356492269999999944e+00 4.648076739999999762e-02 -9.955298707134748071e+00
2.300489000000000033e+02 -1.364551819999999971e+00 4.729034129999999669e-02 -9.945210897967996289e+00
2.300884000000000071e+02 -1.371823070000000033e+00 4.802147209999999694e-02 -9.924779734528943465e+00
2.300209999999999866e+02 -1.380159750000000018e+00 4.886145850000000318e-02 -9.936127765016015800e+00
2.300679000000000087e+02 -1.392540040000000090e+00 5.010744589999999860e-02 -9.897229629988814281e+00
2.300096000000000060e+02 -1.399843469999999979e+00 5.084537260000000086e-02 -9.912222448490483728e+00
2.300091999999999928e+02 -1.408643890000000010e+00 5.173320780000000008e-02 -9.888070968029897045e+00
2.300412000000000035e+02 -1.418812179999999978e+00 5.276154689999999758e-02 -9.864102380410338711e+00
2.299941000000000031e+02 -1.426853270000000062e+00 5.357673410000000219e-02 -9.876562820103934826e+00
2.300601000000000056e+02 -1.434128120000000006e+00 5.431331119999999874e-02 -9.873582663634364209e+00
2.300980999999999881e+02 -1.446851969999999987e+00 5.560198730000000256e-02 -9.834695582547404058e+00
2.300791999999999859e+02 -1.454834399999999972e+00 5.641364740000000266e-02 -9.833657380908700674e+00
2.301711999999999989e+02 -1.462106899999999987e+00 5.715319929999999882e-02 -9.844427797016024329e+00
2.301025999999999954e+02 -1.473845819999999973e+00 5.834564240000000152e-02 -9.784142826962108686e+00
2.300904999999999916e+02 -1.481098309999999918e+00 5.908689179999999930e-02 -9.788698252847707337e+00
2.300882000000000005e+02 -1.489140310000000023e+00 5.990845150000000119e-02 -9.785791100954556399e+00
2.300389000000000124e+02 -1.496419960000000104e+00 6.065235149999999992e-02 -9.802456438309976150e+00
2.300880999999999972e+02 -1.509080750000000082e+00 6.194394510000000159e-02 -9.792044202777869799e+00
2.300129000000000019e+02 -1.517106000000000066e+00 6.276351350000000662e-02 -9.735897825143647211e+00
2.300484999999999900e+02 -1.524353120000000006e+00 6.350788450000000029e-02 -9.784114712609879305e+00
2.299958000000000027e+02 -1.537294230000000095e+00 6.483054990000000628e-02 -9.760981561311853127e+00
2.299821000000000026e+02 -1.544555349999999994e+00 6.557444229999999374e-02 -9.723153087453534127e+00
2.299978999999999871e+02 -1.552559049999999941e+00 6.639760120000000321e-02 -9.759125411228888325e+00
2.299618000000000109e+02 -1.562719739999999913e+00 6.743874880000000349e-02 -9.730060831857171522e+00
2.300100999999999942e+02 -1.571019549999999931e+00 6.829175580000000634e-02 -9.708212656879654290e+00
2.299692000000000007e+02 -1.578251850000000012e+00 6.903672299999999429e-02 -9.750371041712138975e+00
2.300175999999999874e+02 -1.590609909999999960e+00 7.030416809999999461e-02 -9.691041644880884931e+00
2.300295999999999879e+02 -1.599423140000000076e+00 7.121358839999999968e-02 -9.699882950925781344e+00
2.300312999999999874e+02 -1.606645279999999953e+00 7.195814790000000516e-02 -9.709235805240441053e+00
2.301014999999999873e+02 -1.617536190000000040e+00 7.307985409999999404e-02 -9.667278180553552147e+00
2.300455000000000041e+02 -1.624770279999999900e+00 7.382816089999999498e-02 -9.705863169419282954e+00
2.300723000000000127e+02 -1.633103540000000020e+00 7.468674090000000654e-02 -9.666450458165209980e+00
2.300747000000000071e+02 -1.640364270000000069e+00 7.543786769999999420e-02 -9.712706726123334633e+00
2.300223000000000013e+02 -1.652668119999999963e+00 7.670464640000000667e-02 -9.658828892631539986e+00
2.300542000000000087e+02 -1.661456700000000009e+00 7.761454760000000008e-02 -9.650484586184008506e+00
2.299998999999999967e+02 -1.668659619999999899e+00 7.836092669999999982e-02 -9.683382059846445955e+00
2.300600000000000023e+02 -1.679527790000000076e+00 7.948327939999999536e-02 -9.631806096718801058e+00
2.300714000000000112e+02 -1.686774680000000082e+00 8.023567099999999452e-02 -9.644569899457504647e+00
2.300072999999999865e+02 -1.695119049999999961e+00 8.110085940000000271e-02 -9.669499144003017577e+00
2.300406999999999869e+02 -1.707488370000000089e+00 8.238006940000000555e-02 -9.616404835993250799e+00
2.299578999999999951e+02 -1.714709990000000017e+00 8.313103819999999311e-02 -9.643205927070734873e+00
2.300132999999999868e+02 -1.723533669999999907e+00 8.404605340000000091e-02 -9.645652081170494441e+00
2.299732999999999947e+02 -1.733617579999999991e+00 8.509148919999999505e-02 -9.618668471521024443e+00
2.299594999999999914e+02 -1.741625790000000062e+00 8.592405870000000001e-02 -9.613545116942619373e+00
2.300157000000000096e+02 -1.748844950000000065e+00 8.667499500000000467e-02 -9.607637444904348456e+00
2.299650000000000034e+02 -1.757157279999999933e+00 8.754017440000000372e-02 -9.640315360775309372e+00
2.300384999999999991e+02 -1.769489370000000061e+00 8.881939499999999543e-02 -9.601498017626214576e+00
2.299634000000000071e+02 -1.776726430000000079e+00 8.957313779999999392e-02 -9.601004345988332744e+00
2.299658000000000015e+02 -1.785512720000000053e+00 9.048828059999999840e-02 -9.616606455942468656e+00
2.299775999999999954e+02 -1.795635510000000101e+00 9.154091699999999943e-02 -9.595645877129165058e+00
2.299519999999999982e+02 -1.803626689999999977e+00 9.237370929999999536e-02 -9.579117372766985383e+00
2.300158000000000129e+02 -1.810841389999999995e+00 9.312687890000000135e-02 -9.614173578384741958e+00
2.299891000000000076e+02 -1.823493079999999988e+00 9.444282040000000211e-02 -9.585225336123192719e+00
2.300460999999999956e+02 -1.831485400000000041e+00 9.527663699999999736e-02 -9.547910708803511781e+00
2.300662000000000091e+02 -1.838703989999999955e+00 9.603267570000000031e-02 -9.621904146014570003e+00
2.300301000000000045e+02 -1.850490989999999947e+00 9.725769310000000056e-02 -9.562668910902266006e+00
2.301008999999999958e+02 -1.857724450000000083e+00 9.801411999999999625e-02 -9.567148059703411533e+00
2.300983999999999980e+02 -1.865629750000000087e+00 9.884041640000000573e-02 -9.115398665164359926e+00
2.300910000000000082e+02 -1.876304889999999892e+00 1.000115270000000028e-01 -1.020959216030043137e+01
2.301802000000000135e+02 -1.885133399999999959e+00 1.008762539999999985e-01 -9.005163759794180933e+00
2.301342999999999961e+02 -1.886380299999999899e+00 1.010147190000000028e-01 8.098375054869309864e+00
2.301115000000000066e+02 -1.886343419999999993e+00 1.010192730000000066e-01 -3.815059445165645435e+00
2.301076999999999941e+02 -1.886372299999999891e+00 1.010268430000000051e-01 -3.805633802804806720e+01
2.300706000000000131e+02 -1.886291240000000036e+00 1.010247130000000021e-01 9.940347071590856842e+01
2.301542000000000030e+02 -1.886199589999999926e+00 1.010256350000000025e-01 0.000000000000000000e+00
0.000000000000000000e+00 0.000000000000000000e+00 0.000000000000000000e+00 0.000000000000000000e+00
0.000000000000000000e+00 0.000000000000000000e+00 0.000000000000000000e+00 0.000000000000000000e+00
0.000000000000000000e+00 0.000000000000000000e+00 0.000000000000000000e+00 0.000000000000000000e+00
0.000000000000000000e+00 0.000000000000000000e+00 0.000000000000000000e+00 0.000000000000000000e+00
0.000000000000000000e+00 0.000000000000000000e+00 0.000000000000000000e+00 0.000000000000000000e+00
0.000000000000000000e+00 0.000000000000000000e+00 0.000000000000000000e+00 0.000000000000000000e+00
0.000000000000000000e+00 0.000000000000000000e+00 0.000000000000000000e+00 0.000000000000000000e+00
0.000000000000000000e+00 0.000000000000000000e+00 0.000000000000000000e+00 0.000000000000000000e+00
0.000000000000000000e+00 0.000000000000000000e+00 0.000000000000000000e+00 0.000000000000000000e+00
0.000000000000000000e+00 0.000000000000000000e+00 0.000000000000000000e+00 0.000000000000000000e+00
0.000000000000000000e+00 0.000000000000000000e+00 0.000000000000000000e+00 0.000000000000000000e+00
0.000000000000000000e+00 0.000000000000000000e+00 0.000000000000000000e+00 0.000000000000000000e+00
0.000000000000000000e+00 0.000000000000000000e+00 0.000000000000000000e+00 0.000000000000000000e+00
0.000000000000000000e+00 0.000000000000000000e+00 0.000000000000000000e+00 0.000000000000000000e+00
0.000000000000000000e+00 0.000000000000000000e+00 0.000000000000000000e+00 0.000000000000000000e+00
0.000000000000000000e+00 0.000000000000000000e+00 0.000000000000000000e+00 0.000000000000000000e+00
0.000000000000000000e+00 0.000000000000000000e+00 0.000000000000000000e+00 0.000000000000000000e+00
0.000000000000000000e+00 0.000000000000000000e+00 0.000000000000000000e+00 0.000000000000000000e+00
0.000000000000000000e+00 0.000000000000000000e+00 0.000000000000000000e+00 0.000000000000000000e+00
0.000000000000000000e+00 0.000000000000000000e+00 0.000000000000000000e+00 0.000000000000000000e+00
0.000000000000000000e+00 0.000000000000000000e+00 0.000000000000000000e+00 0.000000000000000000e+00
0.000000000000000000e+00 0.000000000000000000e+00 0.000000000000000000e+00 0.000000000000000000e+00
0.000000000000000000e+00 0.000000000000000000e+00 0.000000000000000000e+00 0.000000000000000000e+00
0.000000000000000000e+00 0.000000000000000000e+00 0.000000000000000000e+00 0.000000000000000000e+00
0.000000000000000000e+00 0.000000000000000000e+00 0.000000000000000000e+00 0.000000000000000000e+00
0.000000000000000000e+00 0.000000000000000000e+00 0.000000000000000000e+00 0.000000000000000000e+00
0.000000000000000000e+00 0.000000000000000000e+00 0.000000000000000000e+00 0.000000000000000000e+00
0.000000000000000000e+00 0.000000000000000000e+00 0.000000000000000000e+00 0.000000000000000000e+00
0.000000000000000000e+00 0.000000000000000000e+00 0.000000000000000000e+00 0.000000000000000000e+00
0.000000000000000000e+00 0.000000000000000000e+00 0.000000000000000000e+00 0.000000000000000000e+00
0.000000000000000000e+00 0.000000000000000000e+00 0.000000000000000000e+00 0.000000000000000000e+00
0.000000000000000000e+00 0.000000000000000000e+00 0.000000000000000000e+00 0.000000000000000000e+00
0.000000000000000000e+00 0.000000000000000000e+00 0.000000000000000000e+00 0.000000000000000000e+00
0.000000000000000000e+00 0.000000000000000000e+00 0.000000000000000000e+00 0.000000000000000000e+00
0.000000000000000000e+00 0.000000000000000000e+00 0.000000000000000000e+00 0.000000000000000000e+00
0.000000000000000000e+00 0.000000000000000000e+00 0.000000000000000000e+00 0.000000000000000000e+00
0.000000000000000000e+00 0.000000000000000000e+00 0.000000000000000000e+00 0.000000000000000000e+00
0.000000000000000000e+00 0.000000000000000000e+00 0.000000000000000000e+00 0.000000000000000000e+00
0.000000000000000000e+00 0.000000000000000000e+00 0.000000000000000000e+00 0.000000000000000000e+00
0.000000000000000000e+00 0.000000000000000000e+00 0.000000000000000000e+00 0.000000000000000000e+00
0.000000000000000000e+00 0.000000000000000000e+00 0.000000000000000000e+00 0.000000000000000000e+00
0.000000000000000000e+00 0.000000000000000000e+00 0.000000000000000000e+00 0.000000000000000000e+00
0.000000000000000000e+00 0.000000000000000000e+00 0.000000000000000000e+00 0.000000000000000000e+00
