1.202498999999999967e+02 5.047764829999999980e-01 3.352426649999999690e-08 -1.631696591471483745e+07
1.201032000000000011e+02 4.965933189999999775e-01 3.402577909999999717e-08 2.323535168665705714e+06
1.201854000000000013e+02 5.079810190000000336e-01 3.892680239999999832e-08 -1.772291735426179366e+06
1.201296999999999997e+02 5.169636840000000344e-01 3.385841279999999709e-08 1.765920185047921725e+06
1.201217999999999932e+02 5.250279359999999729e-01 3.842501330000000090e-08 -2.220381474520811345e+06
1.201884000000000015e+02 5.391253839999999853e-01 3.207590249999999919e-08 8.065678356234214734e+05
1.201240999999999985e+02 5.481094629999999635e-01 4.321455519999999735e-08 -4.041921195609758142e+06
1.201979000000000042e+02 5.562133609999999617e-01 4.120959330000000081e-08 5.724117530270721763e+06
1.200875000000000057e+02 5.660937700000000516e-01 4.293569500000000018e-08 -2.905900484038288705e+06
1.201783999999999963e+02 5.774225229999999653e-01 3.903716060000000231e-08 3.643556967069212347e+06
1.201329999999999956e+02 5.863497319999999569e-01 4.148729629999999968e-08 8.779521755122004542e+05
1.201539999999999964e+02 5.944175830000000271e-01 5.067669319999999924e-08 -2.575835842114512343e+06
1.201937000000000069e+02 6.086207390000000217e-01 4.516269429999999899e-08 -4.873323766867479309e+06
1.201787000000000063e+02 6.175773150000000156e-01 4.332481600000000008e-08 2.556241690811416600e+06
1.202579000000000065e+02 6.256932520000000331e-01 4.649976500000000067e-08 2.138278194254051894e+07
1.201068000000000069e+02 6.387929129999999622e-01 4.711239159999999771e-08 -3.631111071234781295e+07
1.201842999999999932e+02 6.468870589999999865e-01 4.688948060000000152e-08 3.033880315604324918e+06
1.200883999999999929e+02 6.558413819999999728e-01 4.984092300000000135e-08 3.391281187120168936e+06
1.200992999999999995e+02 6.700063040000000525e-01 5.401778749999999781e-08 -6.060228227374187671e+06
1.201304999999999978e+02 6.781037840000000427e-01 5.268161999999999948e-08 3.654242469217637088e+06
1.200683999999999969e+02 6.870585259999999472e-01 5.513212570000000230e-08 1.566097041157924570e+06
1.201469000000000023e+02 6.983965039999999735e-01 6.237176519999999556e-08 -4.926405426229503937e+06
1.200461999999999989e+02 7.082737380000000416e-01 6.036680759999999873e-08 4.290667490566058084e+06
1.201413000000000011e+02 7.163978380000000090e-01 6.226024260000000420e-08 -3.422332106463537086e+06
1.200674000000000063e+02 7.253560759999999608e-01 5.964265969999999917e-08 2.424103840954236221e+06
1.200655000000000001e+02 7.395331059999999956e-01 6.549101889999999504e-08 -3.540994878089961130e+06
1.201132000000000062e+02 7.476187039999999673e-01 6.320759340000000532e-08 1.895601312470439821e+06
1.200290999999999997e+02 7.565911589999999576e-01 6.794089619999999606e-08 -1.074561151087297499e+07
1.201093999999999937e+02 7.679618609999999679e-01 6.688272449999999730e-08 -6.783651105350824073e+06
1.200144999999999982e+02 7.777847540000000226e-01 6.543470000000000028e-08 9.360989564510694472e+05
1.201102000000000061e+02 7.859178839999999555e-01 7.412302290000000373e-08 1.547531609674587287e+07
1.200606999999999971e+02 7.997084859999999962e-01 7.501415830000000173e-08 -3.639026673954364844e+06
1.201050999999999931e+02 8.090314579999999811e-01 7.245221720000000226e-08 2.910074726451685652e+06
1.201015000000000015e+02 8.171350360000000368e-01 7.523688039999999561e-08 3.485909326730893459e+06
1.200722999999999985e+02 8.293671110000000457e-01 7.874588589999999755e-08 7.672546992806194350e+06
1.201547000000000054e+02 8.374859900000000135e-01 7.980405850000000487e-08 -1.768062581083736718e+08
1.200326000000000022e+02 8.473392789999999453e-01 7.974832919999999954e-08 2.307949779251584318e+06
1.201410999999999945e+02 8.554371299999999900e-01 8.325700649999999943e-08 9.189064064832945587e+05
1.200520999999999958e+02 8.692548620000000170e-01 9.829415490000000463e-08 1.520895509987314465e+06
1.200692999999999984e+02 8.785722649999999634e-01 1.044204160000000049e-07 2.797264652997264056e+05
1.201418000000000035e+02 8.866888870000000367e-01 1.334366979999999954e-07 1.110753680000415043e+05
1.200237999999999943e+02 8.988941670000000217e-01 2.433195659999999983e-07 4.568899783566817496e+04
1.201428999999999974e+02 9.069935599999999765e-01 4.205918500000000234e-07 2.022989135307312608e+04
1.200668000000000006e+02 9.168699550000000142e-01 9.087998600000000067e-07 6.910439479540446882e+03
1.201376000000000062e+02 9.306808509999999757e-01 2.907355240000000159e-06 2.766805984111557336e+03
1.200478999999999985e+02 9.387616269999999874e-01 5.827970580000000364e-06 1.293807303620038510e+03
1.200721000000000060e+02 9.479764950000000301e-01 1.295025840000000020e-05 5.329243081880135833e+02
1.201213000000000051e+02 9.591239259999999600e-01 3.386773360000000093e-05 2.361304327428821352e+02
1.200361999999999938e+02 9.676850529999999617e-01 7.012365749999999447e-05 1.256659333586940761e+02
1.200694000000000017e+02 9.751372719999999994e-01 1.294254809999999907e-04 6.183865050096232352e+01
1.200314000000000050e+02 9.876324220000000098e-01 3.314860030000000191e-04 3.684180185077766367e+01
1.201505999999999972e+02 9.945676980000000000e-01 5.197307590000000430e-04 2.826366086127674393e+01
1.200000000000000000e+02 1.000398239999999994e+00 7.260218699999999728e-04 2.315699687439814269e+01
1.200597999999999956e+02 1.006765150000000109e+00 1.000967279999999925e-03 1.944897534326016242e+01
1.200207000000000050e+02 1.014047530000000030e+00 1.375402429999999978e-03 1.726083898151226848e+01
1.200296000000000021e+02 1.019507050000000081e+00 1.691697600000000024e-03 1.594221342220715698e+01
1.200792000000000002e+02 1.024319980000000019e+00 1.993596079999999937e-03 1.474162202805421629e+01
1.200153999999999996e+02 1.031978800000000085e+00 2.513133209999999888e-03 1.385562233841638680e+01
1.201090999999999980e+02 1.036953119999999950e+00 2.872144149999999920e-03 1.334454606189378190e+01
1.200258999999999929e+02 1.041372449999999894e+00 3.203315400000000118e-03 1.281264525437587842e+01
1.200780000000000030e+02 1.048106879999999963e+00 3.728923490000000084e-03 1.239517173407843309e+01
1.200456999999999965e+02 1.052400980000000041e+00 4.075356769999999990e-03 1.214994205821672857e+01
1.200484000000000009e+02 1.057139709999999955e+00 4.465377559999999905e-03 1.179648414218983632e+01
1.201345000000000027e+02 1.064747729999999892e+00 5.110317179999999786e-03 1.151325281212936780e+01
1.200395000000000039e+02 1.068891400000000047e+00 5.470221550000000342e-03 1.137746832048630097e+01
1.201248999999999967e+02 1.073465990000000092e+00 5.872296059999999700e-03 1.120074019751176131e+01
1.200588000000000051e+02 1.077589909999999929e+00 6.240478869999999817e-03 1.105279506548507840e+01
1.200447999999999951e+02 1.083890859999999901e+00 6.810556389999999904e-03 1.091416373664953454e+01
1.200999000000000052e+02 1.087914859999999928e+00 7.179251610000000373e-03 1.079655849068155327e+01
1.200109000000000066e+02 1.092333020000000099e+00 7.588470899999999811e-03 1.067879059345446180e+01
1.200952999999999946e+02 1.099562039999999907e+00 8.265422090000000208e-03 1.055586154617644112e+01
1.200164000000000044e+02 1.103534599999999921e+00 8.641758969999999845e-03 1.047220110735038290e+01
1.200835000000000008e+02 1.107901969999999903e+00 9.058803100000000288e-03 1.042310463685588395e+01
1.200495999999999981e+02 1.113453470000000056e+00 9.591417919999999445e-03 1.029451988297620524e+01
1.200929000000000002e+02 1.117911209999999933e+00 1.002443859999999944e-02 1.025317201941575718e+01
1.201163999999999987e+02 1.121824410000000105e+00 1.040609609999999970e-02 1.021231288404423765e+01
1.200444999999999993e+02 1.128502029999999934e+00 1.105997539999999980e-02 1.012750743195956282e+01
1.201213000000000051e+02 1.133206399999999947e+00 1.152448950000000034e-02 1.004676322825996060e+01
1.200091000000000037e+02 1.137050590000000083e+00 1.190711919999999993e-02 9.722535761728675396e+00
1.201038999999999959e+02 1.252770020000000040e+00 2.380930529999999989e-02 9.405193348008648258e+00
1.200213999999999999e+02 1.262976279999999951e+00 2.489447809999999900e-02 9.338849800372553744e+00
1.200400000000000063e+02 1.271366989999999975e+00 2.579295170000000040e-02 9.295650211646400152e+00
1.200759999999999934e+02 1.278649920000000106e+00 2.657642890000000077e-02 9.328677272671386689e+00
1.199929000000000059e+02 1.291091200000000105e+00 2.791008849999999930e-02 9.272929239478560959e+00
1.201102999999999952e+02 1.299923219999999935e+00 2.886254049999999877e-02 9.217560152753524250e+00
1.200063999999999993e+02 1.307206099999999926e+00 2.965264979999999995e-02 9.269053095285972432e+00
1.200899000000000001e+02 1.318196279999999998e+00 3.083833509999999931e-02 9.190896670783208933e+00
1.200022000000000020e+02 1.325477210000000072e+00 3.163052439999999854e-02 9.193164706762173566e+00
1.200177000000000049e+02 1.333846759999999909e+00 3.254093450000000026e-02 9.225967440690327592e+00
1.200140999999999991e+02 1.346300719999999895e+00 3.389081570000000015e-02 9.153677450215237599e+00
1.199990999999999985e+02 1.353599379999999908e+00 3.468816300000000102e-02 9.149338705259033588e+00
1.200833999999999975e+02 1.362483150000000087e+00 3.565913700000000047e-02 9.157768739564501104e+00
1.199894000000000034e+02 1.372673969999999910e+00 3.677194300000000138e-02 9.130875478057914663e+00
1.200652000000000044e+02 1.380739160000000076e+00 3.765523070000000028e-02 9.070737382618426992e+00
1.199754999999999967e+02 1.388005109999999931e+00 3.845626259999999907e-02 9.095088938089748609e+00
1.200416000000000025e+02 1.396384449999999999e+00 3.937756640000000113e-02 9.125351647864645699e+00
1.200550000000000068e+02 1.408802619999999894e+00 4.073840930000000027e-02 9.052552158395574367e+00
1.199635999999999996e+02 1.416092700000000093e+00 4.154371590000000003e-02 9.079564475401816992e+00
1.200657999999999959e+02 1.424967029999999912e+00 4.252111189999999846e-02 9.064181414297037165e+00
1.199582000000000050e+02 1.435164080000000064e+00 4.364609490000000147e-02 9.056599647787814789e+00
1.200533999999999963e+02 1.443199029999999938e+00 4.453328770000000020e-02 8.996031496094261115e+00
1.199659999999999940e+02 1.450497630000000093e+00 4.534460099999999827e-02 9.074038508937631420e+00
1.199930999999999983e+02 1.463235660000000049e+00 4.674838939999999970e-02 9.022696960010479827e+00
1.200438999999999936e+02 1.471300049999999970e+00 4.764217870000000271e-02 8.973889446502910872e+00
1.199547000000000025e+02 1.478555480000000033e+00 4.845068319999999706e-02 9.034240083649688557e+00
1.200418999999999983e+02 1.490347429999999918e+00 4.975593410000000300e-02 8.968968692085692140e+00
1.199668999999999954e+02 1.497610630000000054e+00 5.056574850000000038e-02 8.983536926222491559e+00
1.200397999999999996e+02 1.505676460000000105e+00 5.146359419999999713e-02 8.935777129569624222e+00
1.199895000000000067e+02 1.512925719999999918e+00 5.227485660000000256e-02 9.008713699442637335e+00
1.200049999999999955e+02 1.525642050000000083e+00 5.368641550000000096e-02 8.949006979659426264e+00
1.200452999999999975e+02 1.533710139999999944e+00 5.458797809999999667e-02 8.932254621954816898e+00
1.199449999999999932e+02 1.541000280000000000e+00 5.540413710000000047e-02 8.992399890891409342e+00
1.200742000000000047e+02 1.554216669999999967e+00 5.687386600000000209e-02 8.911678505549890161e+00
1.199596999999999980e+02 1.561489080000000085e+00 5.768991989999999737e-02 8.934523031356766509e+00
1.200289999999999964e+02 1.569621809999999895e+00 5.860017890000000090e-02 8.923388989769277302e+00
1.200575000000000045e+02 1.579695869999999891e+00 5.972912889999999753e-02 8.924309537629241618e+00
1.199915000000000020e+02 1.588009339999999936e+00 6.066068220000000316e-02 8.899164580927303447e+00
1.201030999999999977e+02 1.595271569999999972e+00 6.147673969999999793e-02 8.939272489936964661e+00
1.200246999999999957e+02 1.607639419999999930e+00 6.286028070000000689e-02 8.906321069430353177e+00
1.200754000000000019e+02 1.616495919999999975e+00 6.385468680000000452e-02 8.861955162281979881e+00
1.200353999999999957e+02 1.623765029999999943e+00 6.467494710000000480e-02 8.913311667425423579e+00
1.199989000000000061e+02 1.634710960000000046e+00 6.590299010000000290e-02 8.850027352411350634e+00
1.200157999999999987e+02 1.641948900000000044e+00 6.672083389999999836e-02 8.865741413189391906e+00
1.199205000000000041e+02 1.650311139999999899e+00 6.766404210000000197e-02 8.846510167900682120e+00
1.200191999999999979e+02 1.657554030000000012e+00 6.848277060000000638e-02 8.905048570707688071e+00
1.199471000000000060e+02 1.669956929999999895e+00 6.987556479999999792e-02 8.872169403011683997e+00
1.200322000000000031e+02 1.678760269999999943e+00 7.086780689999999661e-02 8.824005962604081432e+00
1.200208999999999975e+02 1.686030680000000004e+00 7.169174220000000541e-02 8.880897833054321566e+00
1.199715000000000060e+02 1.696941220000000028e+00 7.292028239999999439e-02 8.808748122692213300e+00
1.200443999999999960e+02 1.704159619999999986e+00 7.373974049999999780e-02 8.839551835701710658e+00
1.199612000000000052e+02 1.712513799999999975e+00 7.468483139999999854e-02 8.889367924829430834e+00
1.200845000000000056e+02 1.724905609999999978e+00 7.607883490000000304e-02 8.778481756903941502e+00
1.199389000000000038e+02 1.732132000000000005e+00 7.690202849999999701e-02 8.837400802895947649e+00
1.199937999999999931e+02 1.740979569999999921e+00 7.790317920000000562e-02 8.835337483406210168e+00
1.199155999999999977e+02 1.751125339999999975e+00 7.905149640000000422e-02 8.810677623287366700e+00
1.199411999999999949e+02 1.759170190000000078e+00 7.996457599999999555e-02 8.754700557290966856e+00
1.199344999999999999e+02 1.766463899999999976e+00 8.079769529999999977e-02 8.784495606553393898e+00
1.200015999999999963e+02 1.774780629999999970e+00 8.174444629999999545e-02 8.841239355126811361e+00
1.199462999999999937e+02 1.787134530000000110e+00 8.314175040000000572e-02 8.760121389897586042e+00
1.199667000000000030e+02 1.794414839999999955e+00 8.397282450000000120e-02 8.783114607077584068e+00
1.199967999999999932e+02 1.803239800000000059e+00 8.497758880000000348e-02 8.832100019765270815e+00
1.199879999999999995e+02 1.813427909999999921e+00 8.613112080000000226e-02 8.776170705756111801e+00
1.200561000000000007e+02 1.821403169999999960e+00 8.703986110000000442e-02 8.755755021327976451e+00
1.200275000000000034e+02 1.828646989999999972e+00 8.786718209999999640e-02 8.831457365271313975e+00
1.200965999999999951e+02 1.841320300000000021e+00 8.930220120000000039e-02 8.778722429495745772e+00
1.199799000000000007e+02 1.849322260000000107e+00 9.021371879999999510e-02 8.745237082736149858e+00
1.200665999999999940e+02 1.856556990000000074e+00 9.104099540000000490e-02 8.821989075742044051e+00
1.200176000000000016e+02 1.868281139999999896e+00 9.236996440000000419e-02 8.735074951028634516e+00
1.200374999999999943e+02 1.875530570000000008e+00 9.319988630000000662e-02 8.761942496476287090e+00
1.201140000000000043e+02 1.883553610000000100e+00 9.411555539999999498e-02 8.811715005504117570e+00
1.200230999999999995e+02 1.896234289999999989e+00 9.555462600000000362e-02 8.705590322188665908e+00
1.201210999999999984e+02 1.903469480000000047e+00 9.638572300000000648e-02 8.732990756816720435e+00
1.199876000000000005e+02 1.911460060000000016e+00 9.730071079999999539e-02 8.710250494951713662e+00
1.200725000000000051e+02 1.918701709999999894e+00 9.813210479999999458e-02 8.790457492285977281e+00
1.199863000000000000e+02 1.930434200000000100e+00 9.946678959999999403e-02 8.712057294598071877e+00
1.199770999999999930e+02 1.937693289999999902e+00 1.003000129999999934e-01 8.743187271932276516e+00
1.200502999999999929e+02 1.945712689999999911e+00 1.012172300000000053e-01 7.864072878035129222e+00
1.199786000000000001e+02 1.946828020000000103e+00 1.013590560000000029e-01 -1.811304347842996663e+02
1.200591000000000008e+02 1.946682210000000079e+00 1.013598609999999955e-01 -2.486932046646630035e+00
1.199577000000000027e+02 1.946645100000000017e+00 1.013747829999999961e-01 7.319116135648530985e+01
1.200395000000000039e+02 1.946502670000000101e+00 1.013728369999999934e-01 0.000000000000000000e+00
0.000000000000000000e+00 0.000000000000000000e+00 0.000000000000000000e+00 0.000000000000000000e+00
0.000000000000000000e+00 0.000000000000000000e+00 0.000000000000000000e+00 0.000000000000000000e+00
0.000000000000000000e+00 0.000000000000000000e+00 0.000000000000000000e+00 0.000000000000000000e+00
0.000000000000000000e+00 0.000000000000000000e+00 0.000000000000000000e+00 0.000000000000000000e+00
0.000000000000000000e+00 0.000000000000000000e+00 0.000000000000000000e+00 0.000000000000000000e+00
0.000000000000000000e+00 0.000000000000000000e+00 0.000000000000000000e+00 0.000000000000000000e+00
0.000000000000000000e+00 0.000000000000000000e+00 0.000000000000000000e+00 0.000000000000000000e+00
0.000000000000000000e+00 0.000000000000000000e+00 0.000000000000000000e+00 0.000000000000000000e+00
0.000000000000000000e+00 0.000000000000000000e+00 0.000000000000000000e+00 0.000000000000000000e+00
0.000000000000000000e+00 0.000000000000000000e+00 0.000000000000000000e+00 0.000000000000000000e+00
0.000000000000000000e+00 0.000000000000000000e+00 0.000000000000000000e+00 0.000000000000000000e+00
0.000000000000000000e+00 0.000000000000000000e+00 0.000000000000000000e+00 0.000000000000000000e+00
0.000000000000000000e+00 0.000000000000000000e+00 0.000000000000000000e+00 0.000000000000000000e+00
0.000000000000000000e+00 0.000000000000000000e+00 0.000000000000000000e+00 0.000000000000000000e+00
0.000000000000000000e+00 0.000000000000000000e+00 0.000000000000000000e+00 0.000000000000000000e+00
0.000000000000000000e+00 0.000000000000000000e+00 0.000000000000000000e+00 0.000000000000000000e+00
0.000000000000000000e+00 0.000000000000000000e+00 0.000000000000000000e+00 0.000000000000000000e+00
0.000000000000000000e+00 0.000000000000000000e+00 0.000000000000000000e+00 0.000000000000000000e+00
0.000000000000000000e+00 0.000000000000000000e+00 0.000000000000000000e+00 0.000000000000000000e+00
0.000000000000000000e+00 0.000000000000000000e+00 0.000000000000000000e+00 0.000000000000000000e+00
0.000000000000000000e+00 0.000000000000000000e+00 0.000000000000000000e+00 0.000000000000000000e+00
0.000000000000000000e+00 0.000000000000000000e+00 0.000000000000000000e+00 0.000000000000000000e+00
0.000000000000000000e+00 0.000000000000000000e+00 0.000000000000000000e+00 0.000000000000000000e+00
0.000000000000000000e+00 0.000000000000000000e+00 0.000000000000000000e+00 0.000000000000000000e+00
0.000000000000000000e+00 0.000000000000000000e+00 0.000000000000000000e+00 0.000000000000000000e+00
0.000000000000000000e+00 0.000000000000000000e+00 0.000000000000000000e+00 0.000000000000000000e+00
0.000000000000000000e+00 0.000000000000000000e+00 0.000000000000000000e+00 0.000000000000000000e+00
0.000000000000000000e+00 0.000000000000000000e+00 0.000000000000000000e+00 0.000000000000000000e+00
0.000000000000000000e+00 0.000000000000000000e+00 0.000000000000000000e+00 0.000000000000000000e+00
0.000000000000000000e+00 0.000000000000000000e+00 0.000000000000000000e+00 0.000000000000000000e+00
0.000000000000000000e+00 0.000000000000000000e+00 0.000000000000000000e+00 0.000000000000000000e+00
0.000000000000000000e+00 0.000000000000000000e+00 0.000000000000000000e+00 0.000000000000000000e+00
0.000000000000000000e+00 0.000000000000000000e+00 0.000000000000000000e+00 0.000000000000000000e+00
0.000000000000000000e+00 0.000000000000000000e+00 0.000000000000000000e+00 0.000000000000000000e+00
0.000000000000000000e+00 0.000000000000000000e+00 0.000000000000000000e+00 0.000000000000000000e+00
0.000000000000000000e+00 0.000000000000000000e+00 0.000000000000000000e+00 0.000000000000000000e+00
0.000000000000000000e+00 0.000000000000000000e+00 0.000000000000000000e+00 0.000000000000000000e+00
0.000000000000000000e+00 0.000000000000000000e+00 0.000000000000000000e+00 0.000000000000000000e+00
0.000000000000000000e+00 0.000000000000000000e+00 0.000000000000000000e+00 0.000000000000000000e+00
