1.200859999999999985e+02 5.047685419999999867e-01 3.369177729999999837e-08 2.602273003454050981e+06
1.200121000000000038e+02 4.966524849999999769e-01 3.057294349999999873e-08 3.502030082674615551e+06
1.200876999999999981e+02 5.079634090000000324e-01 3.380276269999999715e-08 8.319644562827255577e+05
1.200242999999999967e+02 5.169057030000000497e-01 4.455117139999999809e-08 -2.747149292116365395e+06
1.200678000000000054e+02 5.250145990000000262e-01 4.159942209999999804e-08 -2.588510323868927546e+06
1.200628999999999991e+02 5.391410770000000241e-01 3.614204459999999798e-08 8.255959519937551813e+05
1.200169000000000068e+02 5.481072310000000281e-01 4.700226500000000137e-08 -1.758735966239477042e+06
1.201200999999999937e+02 5.562377170000000204e-01 4.237935049999999940e-08 -6.814025414554988965e+06
1.199876000000000005e+02 5.661046199999999473e-01 4.093132200000000111e-08 1.937859701978025027e+06
1.200833999999999975e+02 5.774372589999999805e-01 4.677934029999999915e-08 -5.356626895322131366e+07
1.200367999999999995e+02 5.863893610000000534e-01 4.661221830000000251e-08 3.852665905629396439e+06
1.200344999999999942e+02 5.945428430000000430e-01 4.872854039999999820e-08 1.278765038367939880e+06
1.200965000000000060e+02 6.087148660000000211e-01 5.981112599999999916e-08 -9.624606697582595516e+05
1.199654000000000025e+02 6.176665150000000271e-01 5.051033139999999677e-08 2.011500150409526657e+06
1.200559999999999974e+02 6.257327350000000399e-01 5.452038329999999926e-08 1.957503934862406552e+07
1.199557999999999964e+02 6.388151389999999763e-01 5.518870399999999703e-08 2.642208197136803996e+06
1.200093999999999994e+02 6.469084000000000501e-01 5.825177110000000257e-08 1.461327302913213894e+07
1.199471999999999952e+02 6.558608900000000297e-01 5.886439839999999817e-08 -2.569451910539172124e+06
1.199765000000000015e+02 6.700283729999999549e-01 5.335058319999999858e-08 -3.165008700113633182e+06
1.200197000000000003e+02 6.781366920000000409e-01 5.078872009999999750e-08 1.660191845577301923e+06
1.199808000000000021e+02 6.871059499999999653e-01 5.619126320000000122e-08 2.914126346311986912e+06
1.200758000000000010e+02 6.984678410000000337e-01 6.009016450000000520e-08 8.864648361077247560e+07
1.199733999999999980e+02 7.083454350000000233e-01 6.020159129999999580e-08 1.101283555746886414e+06
1.200528999999999940e+02 7.164410919999999461e-01 6.755270170000000199e-08 -2.016595099239747599e+07
1.199521000000000015e+02 7.254259749999999451e-01 6.710715449999999794e-08 8.264936709007374011e+06
1.199585000000000008e+02 7.396977519999999862e-01 6.883394050000000203e-08 2.789446109523838386e+06
1.200242999999999967e+02 7.477761499999999728e-01 7.172999859999999732e-08 -1.629666094714269973e+06
1.199144000000000005e+02 7.567623789999999850e-01 6.621584510000000403e-08 9.308408058637391776e+06
1.200358999999999980e+02 7.681675460000000344e-01 6.744109939999999680e-08 8.846651624644895783e+05
1.199098000000000042e+02 7.780221990000000254e-01 7.858051510000000327e-08 -6.002780050339727895e+05
1.199689000000000050e+02 7.861126339999999768e-01 6.510270159999999491e-08 1.753863453375437064e+06
1.199344999999999999e+02 7.998850090000000357e-01 7.295529409999999661e-08 5.759979136405953206e+06
1.199515999999999991e+02 8.091877330000000201e-01 7.457035619999999645e-08 1.218310467532551475e+07
1.199720999999999975e+02 8.173248810000000031e-01 7.523826049999999383e-08 -2.760186117894886062e+06
1.199307000000000016e+02 8.294696000000000291e-01 7.083829669999999575e-08 2.310690207976018544e+06
1.200275000000000034e+02 8.375769690000000045e-01 7.434693189999999380e-08 8.451950758549786406e+05
1.199394000000000062e+02 8.474617869999999664e-01 8.604224140000000461e-08 -5.013091083940028213e+06
1.200460999999999956e+02 8.555584649999999902e-01 8.442713450000000372e-08 1.021398961387181538e+06
1.199331999999999994e+02 8.693818760000000534e-01 9.796093619999999572e-08 8.014353164711529389e+05
1.199950000000000045e+02 8.787105139999999981e-01 1.096008500000000017e-07 3.420408587505450123e+05
1.200576999999999970e+02 8.868256020000000461e-01 1.333263430000000123e-07 1.164668188953638746e+05
1.199676999999999936e+02 8.990071219999999919e-01 2.379185360000000121e-07 4.597715026888383727e+04
1.200968000000000018e+02 9.071831949999999978e-01 4.157475869999999824e-07 2.046968609372255014e+04
1.199842000000000013e+02 9.169760249999999724e-01 8.941540440000000016e-07 6.948703463873791407e+03
1.200572999999999979e+02 9.307821389999999528e-01 2.881015920000000181e-06 2.773118027832185362e+03
1.200643000000000029e+02 9.388512279999999821e-01 5.790769099999999824e-06 1.295497117943497642e+03
1.200270000000000010e+02 9.481131990000000176e-01 1.294012579999999956e-05 5.333770924102137769e+02
1.200803999999999974e+02 9.592282189999999931e-01 3.377907850000000107e-05 2.368029317066898045e+02
1.200395000000000039e+02 9.677528659999999894e-01 6.977798670000000475e-05 1.259481467495645290e+02
1.201124999999999972e+02 9.752306219999999914e-01 1.291496899999999869e-04 6.180061077781528667e+01
1.200447999999999951e+02 9.877601289999999867e-01 3.318905179999999855e-04 3.680467515624212638e+01
1.201180999999999983e+02 9.946779359999999848e-01 5.198505250000000485e-04 2.826385605689257474e+01
1.200640999999999963e+02 1.000511359999999961e+00 7.262421790000000337e-04 2.316426604907994147e+01
1.201058000000000021e+02 1.006804030000000072e+00 9.978963720000001009e-04 1.948931966190311726e+01
1.201346000000000060e+02 1.014055799999999952e+00 1.369985810000000012e-03 1.726609764941732195e+01
1.200281999999999982e+02 1.019510710000000042e+00 1.685917650000000106e-03 1.595572280383369979e+01
1.201290999999999940e+02 1.024330219999999958e+00 1.987972910000000010e-03 1.474880690454931553e+01
1.199960999999999984e+02 1.031984430000000064e+00 2.506944379999999882e-03 1.387287959619863464e+01
1.200520999999999958e+02 1.036969749999999912e+00 2.866301639999999963e-03 1.334251532106353189e+01
1.200455000000000041e+02 1.041373279999999957e+00 3.196339109999999858e-03 1.281418852858245572e+01
1.200016999999999996e+02 1.048117879999999946e+00 3.722677550000000161e-03 1.243013503514319318e+01
1.200490999999999957e+02 1.052415010000000040e+00 4.068380150000000181e-03 1.213289154723419649e+01
1.199463999999999970e+02 1.057108299999999890e+00 4.455203849999999667e-03 1.179189199287522882e+01
1.200430999999999955e+02 1.064714179999999955e+00 5.100213150000000410e-03 1.154269052856676225e+01
1.200347000000000008e+02 1.068855969999999989e+00 5.459036769999999969e-03 1.135785598165840327e+01
1.199990999999999985e+02 1.073405600000000071e+00 5.859607969999999777e-03 1.122598392780713894e+01
1.200507000000000062e+02 1.077506220000000070e+00 6.224887309999999757e-03 1.105303380473568531e+01
1.199608000000000061e+02 1.083836379999999933e+00 6.797595229999999975e-03 1.090669515191688888e+01
1.200457999999999998e+02 1.087852019999999920e+00 7.165776419999999626e-03 1.078940021432752339e+01
1.199193999999999960e+02 1.092267710000000003e+00 7.575038279999999832e-03 1.068377429114255861e+01
1.200211999999999932e+02 1.099498429999999916e+00 8.251832809999999976e-03 1.055209046826794328e+01
1.199136000000000024e+02 1.103488159999999940e+00 8.629931349999999876e-03 1.047541577930932988e+01
1.199878999999999962e+02 1.107855880000000015e+00 9.046880909999999165e-03 1.041274795965161104e+01
1.199766000000000048e+02 1.113365120000000097e+00 9.575966990000000373e-03 1.031578972051456589e+01
1.199830999999999932e+02 1.117852370000000040e+00 1.001095549999999994e-02 1.024684004090879696e+01
1.200708000000000055e+02 1.121753840000000002e+00 1.039170409999999947e-02 1.021305419154350425e+01
1.199740000000000038e+02 1.128401709999999891e+00 1.104262299999999968e-02 1.012675153339539413e+01
1.200465999999999980e+02 1.133127629999999941e+00 1.150929979999999915e-02 1.004750898149935523e+01
1.199187000000000012e+02 1.136985989999999891e+00 1.189331140000000030e-02 9.724944499083450822e+00
1.199882000000000062e+02 1.252609290000000097e+00 2.378266459999999957e-02 9.391974341960093398e+00
1.199671000000000021e+02 1.262849740000000054e+00 2.487300510000000145e-02 9.347795205299437526e+00
1.199808000000000021e+02 1.271233140000000095e+00 2.576983689999999896e-02 9.306594358711777204e+00
1.200169999999999959e+02 1.278544770000000108e+00 2.655547659999999907e-02 9.336711842893054225e+00
1.199013999999999953e+02 1.290992209999999973e+00 2.788864829999999906e-02 9.260328410695095158e+00
1.200289999999999964e+02 1.299948719999999946e+00 2.885583970000000012e-02 9.250559921223084459e+00
1.199659000000000049e+02 1.307208539999999974e+00 2.964063759999999853e-02 9.263166452827658048e+00
1.200504999999999995e+02 1.318191920000000072e+00 3.082634230000000017e-02 9.187373328633940517e+00
1.200223000000000013e+02 1.325451640000000042e+00 3.161652680000000271e-02 9.193936953824211500e+00
1.200511999999999944e+02 1.333809369999999994e+00 3.252557479999999834e-02 9.226661882909347412e+00
1.200632999999999981e+02 1.346235649999999895e+00 3.387235439999999875e-02 9.157628187327539138e+00
1.199968999999999966e+02 1.353560029999999914e+00 3.467216630000000133e-02 9.142330437775241236e+00
1.200755999999999943e+02 1.362401490000000104e+00 3.563925669999999657e-02 9.166317536170012659e+00
1.200036999999999949e+02 1.372645200000000010e+00 3.675679490000000049e-02 9.112489663691352604e+00
1.200871999999999957e+02 1.380678779999999994e+00 3.763839590000000318e-02 9.089799204094211049e+00
1.200216000000000065e+02 1.387952850000000016e+00 3.843864129999999962e-02 9.105595007311372058e+00
1.200241000000000042e+02 1.396310750000000045e+00 3.935652750000000200e-02 9.126761026257346643e+00
1.200653999999999968e+02 1.408752189999999960e+00 4.071970989999999790e-02 9.050378795530836129e+00
1.199163999999999959e+02 1.416010020000000091e+00 4.152164650000000207e-02 9.065069577549637714e+00
1.200212999999999965e+02 1.424887730000000019e+00 4.250097819999999749e-02 9.067421061854535225e+00
1.199569000000000045e+02 1.435086319999999915e+00 4.362572910000000331e-02 9.054031463259068602e+00
1.200387000000000057e+02 1.443118249999999936e+00 4.451283999999999796e-02 9.002883185457148940e+00
1.199603000000000037e+02 1.450384729999999900e+00 4.531996809999999654e-02 9.069967646484419888e+00
1.199932000000000016e+02 1.463085509999999978e+00 4.672027959999999758e-02 9.020425011593143694e+00
1.200070999999999941e+02 1.471125100000000074e+00 4.761154470000000111e-02 8.967010538911408091e+00
1.199296999999999969e+02 1.478395509999999913e+00 4.842234000000000121e-02 9.030088769098600920e+00
1.200187999999999988e+02 1.490198729999999916e+00 4.972943900000000028e-02 8.967427942694724763e+00
1.199247000000000014e+02 1.497488179999999947e+00 5.054231979999999902e-02 8.968006788717682198e+00
1.200455000000000041e+02 1.505549550000000014e+00 5.144122300000000120e-02 8.970142312915999838e+00
1.199590000000000032e+02 1.512831220000000032e+00 5.225299049999999890e-02 9.005728488714089153e+00
1.200027999999999935e+02 1.525566289999999992e+00 5.366709819999999909e-02 8.920071690247336704e+00
1.200074000000000041e+02 1.533588230000000108e+00 5.456641160000000323e-02 8.914188499622685669e+00
1.199900999999999982e+02 1.540879890000000030e+00 5.538439519999999866e-02 8.968871208313542454e+00
1.199839000000000055e+02 1.554090170000000048e+00 5.685729850000000030e-02 8.887364764978304521e+00
1.199663999999999930e+02 1.561342800000000031e+00 5.767335929999999750e-02 8.935716648302713949e+00
1.200183999999999997e+02 1.569369110000000012e+00 5.857158719999999708e-02 8.934695772170679007e+00
1.200109000000000066e+02 1.579593790000000109e+00 5.971596640000000067e-02 8.928363852130923206e+00
1.200771000000000015e+02 1.587973529999999966e+00 6.065451909999999835e-02 8.865088339993548061e+00
1.200100999999999942e+02 1.595287679999999986e+00 6.147957009999999861e-02 8.951812016250903170e+00
1.200995000000000061e+02 1.607665029999999939e+00 6.286223430000000001e-02 8.893467883072911917e+00
1.199950000000000045e+02 1.616474130000000065e+00 6.385274779999999817e-02 8.878238935289855860e+00
1.200481999999999942e+02 1.623688459999999889e+00 6.466533350000000513e-02 8.918809564233804110e+00
1.200592999999999932e+02 1.634588649999999976e+00 6.588749100000000636e-02 8.854890474101102527e+00
1.199607000000000028e+02 1.641829509999999992e+00 6.670521540000000360e-02 8.866371842315706076e+00
1.200602999999999980e+02 1.650158639999999899e+00 6.764462220000000414e-02 8.828537271472594483e+00
1.199262999999999977e+02 1.657459269999999929e+00 6.847155759999999647e-02 8.921241343519788813e+00
1.200137000000000000e+02 1.669912089999999960e+00 6.986741940000000539e-02 8.859648230133020164e+00
1.199129999999999967e+02 1.678705150000000090e+00 7.085990350000000160e-02 8.819059065579088141e+00
1.199457000000000022e+02 1.685962119999999898e+00 7.168277700000000308e-02 8.893147061036703604e+00
1.198969000000000023e+02 1.696871460000000109e+00 7.290949010000000174e-02 8.813084160777840737e+00
1.199561000000000064e+02 1.704154680000000033e+00 7.373589999999999312e-02 8.840571890671640176e+00
1.200228000000000037e+02 1.712445629999999941e+00 7.467372960000000226e-02 8.877865457527709836e+00
1.199308000000000050e+02 1.724810460000000045e+00 7.606650019999999790e-02 8.806209416548137270e+00
1.200426999999999964e+02 1.732041249999999977e+00 7.688760149999999960e-02 8.824590323087589283e+00
1.199703999999999979e+02 1.740858259999999991e+00 7.788674249999999466e-02 8.844005676390503723e+00
1.199879999999999995e+02 1.751055900000000110e+00 7.903979919999999659e-02 8.796598499106549340e+00
1.200083000000000055e+02 1.759067410000000109e+00 7.995055010000000351e-02 8.788281015253732065e+00
1.199656999999999982e+02 1.766317979999999954e+00 8.077557720000000385e-02 8.794251222175883953e+00
1.200628999999999991e+02 1.774616989999999950e+00 8.171926300000000032e-02 8.851141736114742642e+00
1.200019999999999953e+02 1.787032189999999909e+00 8.312192949999999692e-02 8.786499023982283774e+00
1.200935999999999950e+02 1.794315579999999910e+00 8.395085920000000534e-02 8.786443344297644842e+00
1.200126000000000062e+02 1.803073340000000080e+00 8.494759470000000368e-02 8.827672116622739651e+00
1.200511000000000053e+02 1.813243979999999977e+00 8.609972629999999849e-02 8.770007380190406820e+00
1.200768000000000058e+02 1.821244920000000045e+00 8.701203339999999398e-02 8.783809992707629632e+00
1.200555999999999983e+02 1.828468669999999907e+00 8.783442710000000098e-02 8.825031705800190807e+00
1.201277000000000044e+02 1.841172859999999911e+00 8.927399020000000018e-02 8.753381165231306937e+00
1.200202000000000027e+02 1.849203520000000101e+00 9.019142539999999708e-02 8.722326472976408951e+00
1.200944999999999965e+02 1.856460219999999994e+00 9.102339380000000479e-02 8.823715666566839033e+00
1.200113000000000056e+02 1.868234160000000088e+00 9.235774550000000471e-02 8.732983717572771809e+00
1.200644000000000062e+02 1.875446539999999995e+00 9.318362360000000122e-02 8.767039628131925610e+00
1.200614999999999952e+02 1.883453969999999922e+00 9.409697979999999407e-02 8.807330478953501185e+00
1.199712999999999994e+02 1.896118299999999923e+00 9.553491040000000600e-02 8.728907693827629544e+00
1.200762000000000000e+02 1.903363659999999902e+00 9.636495239999999518e-02 8.744668896379408807e+00
1.199756000000000000e+02 1.911402210000000101e+00 9.728420390000000473e-02 8.717379514135904728e+00
1.200258999999999929e+02 1.918652900000000106e+00 9.811595500000000469e-02 8.802420771454565696e+00
1.200345999999999975e+02 1.930348680000000039e+00 9.944465539999999826e-02 8.701277665677672246e+00
1.199715999999999951e+02 1.937557919999999934e+00 1.002731820000000024e-01 8.719802176793329807e+00
1.200820999999999970e+02 1.945594360000000078e+00 1.011948129999999946e-01 8.038131923233622800e+00
1.199676000000000045e+02 1.947005019999999975e+00 1.013703090000000057e-01 -5.074413489748968686e+01
1.200460000000000065e+02 1.946866589999999952e+00 1.013730369999999992e-01 -4.814127720304146862e+01
1.200173999999999950e+02 1.946731650000000036e+00 1.013758399999999948e-01 -4.822924600146549778e+01
1.199968999999999966e+02 1.946604999999999919e+00 1.013784660000000004e-01 0.000000000000000000e+00
0.000000000000000000e+00 0.000000000000000000e+00 0.000000000000000000e+00 0.000000000000000000e+00
0.000000000000000000e+00 0.000000000000000000e+00 0.000000000000000000e+00 0.000000000000000000e+00
0.000000000000000000e+00 0.000000000000000000e+00 0.000000000000000000e+00 0.000000000000000000e+00
0.000000000000000000e+00 0.000000000000000000e+00 0.000000000000000000e+00 0.000000000000000000e+00
0.000000000000000000e+00 0.000000000000000000e+00 0.000000000000000000e+00 0.000000000000000000e+00
0.000000000000000000e+00 0.000000000000000000e+00 0.000000000000000000e+00 0.000000000000000000e+00
0.000000000000000000e+00 0.000000000000000000e+00 0.000000000000000000e+00 0.000000000000000000e+00
0.000000000000000000e+00 0.000000000000000000e+00 0.000000000000000000e+00 0.000000000000000000e+00
0.000000000000000000e+00 0.000000000000000000e+00 0.000000000000000000e+00 0.000000000000000000e+00
0.000000000000000000e+00 0.000000000000000000e+00 0.000000000000000000e+00 0.000000000000000000e+00
0.000000000000000000e+00 0.000000000000000000e+00 0.000000000000000000e+00 0.000000000000000000e+00
0.000000000000000000e+00 0.000000000000000000e+00 0.000000000000000000e+00 0.000000000000000000e+00
0.000000000000000000e+00 0.000000000000000000e+00 0.000000000000000000e+00 0.000000000000000000e+00
0.000000000000000000e+00 0.000000000000000000e+00 0.000000000000000000e+00 0.000000000000000000e+00
0.000000000000000000e+00 0.000000000000000000e+00 0.000000000000000000e+00 0.000000000000000000e+00
0.000000000000000000e+00 0.000000000000000000e+00 0.000000000000000000e+00 0.000000000000000000e+00
0.000000000000000000e+00 0.000000000000000000e+00 0.000000000000000000e+00 0.000000000000000000e+00
0.000000000000000000e+00 0.000000000000000000e+00 0.000000000000000000e+00 0.000000000000000000e+00
0.000000000000000000e+00 0.000000000000000000e+00 0.000000000000000000e+00 0.000000000000000000e+00
0.000000000000000000e+00 0.000000000000000000e+00 0.000000000000000000e+00 0.000000000000000000e+00
0.000000000000000000e+00 0.000000000000000000e+00 0.000000000000000000e+00 0.000000000000000000e+00
0.000000000000000000e+00 0.000000000000000000e+00 0.000000000000000000e+00 0.000000000000000000e+00
0.000000000000000000e+00 0.000000000000000000e+00 0.000000000000000000e+00 0.000000000000000000e+00
0.000000000000000000e+00 0.000000000000000000e+00 0.000000000000000000e+00 0.000000000000000000e+00
0.000000000000000000e+00 0.000000000000000000e+00 0.000000000000000000e+00 0.000000000000000000e+00
0.000000000000000000e+00 0.000000000000000000e+00 0.000000000000000000e+00 0.000000000000000000e+00
0.000000000000000000e+00 0.000000000000000000e+00 0.000000000000000000e+00 0.000000000000000000e+00
0.000000000000000000e+00 0.000000000000000000e+00 0.000000000000000000e+00 0.000000000000000000e+00
0.000000000000000000e+00 0.000000000000000000e+00 0.000000000000000000e+00 0.000000000000000000e+00
0.000000000000000000e+00 0.000000000000000000e+00 0.000000000000000000e+00 0.000000000000000000e+00
0.000000000000000000e+00 0.000000000000000000e+00 0.000000000000000000e+00 0.000000000000000000e+00
0.000000000000000000e+00 0.000000000000000000e+00 0.000000000000000000e+00 0.000000000000000000e+00
0.000000000000000000e+00 0.000000000000000000e+00 0.000000000000000000e+00 0.000000000000000000e+00
0.000000000000000000e+00 0.000000000000000000e+00 0.000000000000000000e+00 0.000000000000000000e+00
0.000000000000000000e+00 0.000000000000000000e+00 0.000000000000000000e+00 0.000000000000000000e+00
0.000000000000000000e+00 0.000000000000000000e+00 0.000000000000000000e+00 0.000000000000000000e+00
0.000000000000000000e+00 0.000000000000000000e+00 0.000000000000000000e+00 0.000000000000000000e+00
0.000000000000000000e+00 0.000000000000000000e+00 0.000000000000000000e+00 0.000000000000000000e+00
0.000000000000000000e+00 0.000000000000000000e+00 0.000000000000000000e+00 0.000000000000000000e+00
