1.498574000000000126e+02 5.046747809999999612e-01 1.099908710000000039e-07 2.081386196528285369e+07
1.499007000000000005e+02 4.965618290000000101e-01 1.096010849999999939e-07 -1.021926932669678330e+07
1.498571000000000026e+02 5.079442760000000279e-01 1.084872629999999984e-07 1.141570669134065276e+06
1.499817999999999927e+02 5.169088090000000246e-01 1.163400689999999937e-07 2.801887463502074592e+06
1.499401000000000010e+02 5.250232320000000064e-01 1.192361249999999999e-07 4.037692507412156556e+06
1.499559000000000140e+02 5.391905299999999457e-01 1.227448859999999884e-07 -1.009053899004875449e+06
1.500698999999999899e+02 5.481257830000000331e-01 1.138898059999999938e-07 -5.008897549690732732e+06
1.499792999999999950e+02 5.562148470000000122e-01 1.122748669999999985e-07 6.872944987842572853e+06
1.500158000000000129e+02 5.661646719999999799e-01 1.137225470000000031e-07 -1.697698860278209671e+07
1.501134999999999877e+02 5.775107499999999616e-01 1.130542260000000003e-07 -9.441371061979334801e+06
1.499902999999999906e+02 5.864468000000000458e-01 1.121077479999999995e-07 2.424822502958904952e+06
1.500241000000000042e+02 5.945495990000000397e-01 1.154493530000000004e-07 -2.655144997037357651e+06
1.500891000000000020e+02 6.087455760000000105e-01 1.101027609999999966e-07 8.038770233509661257e+07
1.500409999999999968e+02 6.176997210000000349e-01 1.102141480000000043e-07 -1.447087744482046366e+08
1.501058999999999912e+02 6.257643410000000017e-01 1.101584179999999938e-07 2.304373611203779466e+06
1.501734999999999900e+02 6.388548630000000506e-01 1.158391469999999997e-07 -3.227053550659309141e+06
1.500762000000000000e+02 6.469427660000000024e-01 1.133328660000000034e-07 1.394871752008734737e+06
1.501297999999999888e+02 6.559545399999999749e-01 1.197935130000000008e-07 -3.862809946136071812e+06
1.502101000000000113e+02 6.701525219999999727e-01 1.161179550000000034e-07 1.302549158424705500e+06
1.501345000000000027e+02 6.782772870000000065e-01 1.223555429999999972e-07 -1.061074995451690163e+06
1.501984999999999957e+02 6.872006200000000398e-01 1.139458329999999964e-07 1.755845938928158954e+06
1.502650999999999897e+02 6.985441310000000126e-01 1.204062580000000091e-07 2.210569255319865048e+07
1.501801000000000101e+02 7.083932560000000267e-01 1.208518050000000098e-07 -1.486849513494920917e+06
1.502214999999999918e+02 7.165084969999999664e-01 1.153937940000000013e-07 3.662494883720202371e+06
1.502943999999999960e+02 7.254834810000000411e-01 1.178443050000000009e-07 -3.179351568777950946e+06
1.502218000000000018e+02 7.396476829999999447e-01 1.133892449999999991e-07 -3.466400042751066852e+06
1.502780999999999949e+02 7.477560260000000181e-01 1.110501200000000036e-07 7.658190088191418909e+06
1.503479000000000099e+02 7.567131599999999958e-01 1.122197349999999999e-07 6.009314300199593417e+06
1.502646000000000015e+02 7.680920369999999497e-01 1.141132750000000025e-07 -1.936581635461563012e+06
1.503310999999999922e+02 7.779075100000000242e-01 1.090448219999999976e-07 5.009275168303671526e+05
1.503357000000000028e+02 7.860258989999999724e-01 1.252515359999999998e-07 8.013495542416565120e+06
1.502764999999999986e+02 7.998611669999999840e-01 1.269780319999999975e-07 1.258669205488945823e+06
1.503363999999999976e+02 8.091842670000000126e-01 1.343851410000000039e-07 5.675187466682883678e+05
1.504031999999999982e+02 8.173072820000000238e-01 1.486983510000000019e-07 2.189877138423683064e+05
1.502692999999999870e+02 8.294913339999999691e-01 2.043364130000000001e-07 1.107246633147759712e+05
1.503206000000000131e+02 8.375819639999999566e-01 2.774062220000000006e-07 5.089779512194683048e+04
1.503865999999999872e+02 8.474381250000000421e-01 4.710523509999999779e-07 2.586969961625808355e+04
1.502752999999999872e+02 8.555828140000000248e-01 7.858874330000000105e-07 1.136289963829281623e+04
1.502913000000000068e+02 8.693761749999999733e-01 1.999781899999999882e-06 4.871080787864697413e+03
1.503867999999999938e+02 8.786688480000000023e-01 3.907504930000000165e-06 2.582014103155136127e+03
1.503300999999999874e+02 8.867379680000000430e-01 7.032631159999999757e-06 1.221619800289452314e+03
1.503401000000000067e+02 8.987851260000000453e-01 1.689425749999999890e-05 6.006299641132645775e+02
1.504249000000000080e+02 9.067391019999999635e-01 3.013698009999999985e-05 3.216930310543511951e+02
1.503485000000000014e+02 9.162659189999999843e-01 5.975160049999999695e-05 1.493238325911822244e+02
1.503538000000000068e+02 9.291165310000000233e-01 1.458102810000000036e-04 8.199760032990738523e+01
1.504225999999999885e+02 9.362884120000000143e-01 2.332748039999999888e-04 5.523829107447725306e+01
1.503532999999999902e+02 9.440346809999999866e-01 3.735084869999999945e-04 3.829068585636418476e+01
1.503746999999999900e+02 9.528586009999999717e-01 6.039540849999999565e-04 2.912798905593837517e+01
1.504264000000000010e+02 9.593626440000000422e-01 8.272459499999999973e-04 2.447366802774633143e+01
1.504073999999999955e+02 9.649343780000000370e-01 1.054908349999999920e-03 2.072050274655912716e+01
1.503452000000000055e+02 9.745465150000000021e-01 1.518803320000000016e-03 1.800284057826674555e+01
1.504199000000000126e+02 9.801073729999999484e-01 1.827691129999999909e-03 1.671609878545283934e+01
1.504198000000000093e+02 9.849958530000000323e-01 2.120132570000000157e-03 1.573535317390695809e+01
1.503636999999999944e+02 9.904627150000000491e-01 2.467558009999999864e-03 1.484237257077893979e+01
1.504404000000000110e+02 9.969677829999999963e-01 2.905834840000000047e-03 1.406058152965256802e+01
1.504612999999999943e+02 1.001973529999999890e+00 3.261847640000000055e-03 1.361875738757018084e+01
1.503702999999999861e+02 1.006458459999999944e+00 3.591167699999999949e-03 1.316881239405636705e+01
1.504420000000000073e+02 1.013691179999999914e+00 4.140398699999999800e-03 1.269862186501429058e+01
1.504627000000000123e+02 1.018494060000000090e+00 4.518619270000000417e-03 1.239376077192492787e+01
1.503465999999999951e+02 1.022798309999999988e+00 4.865910949999999874e-03 1.219436011213494986e+01
1.503862000000000023e+02 1.029413670000000058e+00 5.408404359999999765e-03 1.187936795381435040e+01
1.504482999999999890e+02 1.033618050000000066e+00 5.762327230000000196e-03 1.172089499738578056e+01
1.503309000000000140e+02 1.038245410000000035e+00 6.157123020000000377e-03 1.156970380368036899e+01
1.503763999999999896e+02 1.045769259999999923e+00 6.807429210000000286e-03 1.129643180783971523e+01
1.504422000000000139e+02 1.049838840000000051e+00 7.167682790000000186e-03 1.120034962323180139e+01
1.503057000000000016e+02 1.054340210000000111e+00 7.569578280000000166e-03 1.109225156369928555e+01
1.503532999999999902e+02 1.058395049999999893e+00 7.935134360000000234e-03 1.101111198465324037e+01
1.504276000000000124e+02 1.064654200000000106e+00 8.503573769999999907e-03 1.083831064396389188e+01
1.503205000000000098e+02 1.068682710000000036e+00 8.875265460000000134e-03 1.076810831499370025e+01
1.503488999999999862e+02 1.073094180000000009e+00 9.284944660000000669e-03 1.074144291853209765e+01
1.504335000000000093e+02 1.080341769999999979e+00 9.959676170000000828e-03 1.057415833511850423e+01
1.503351999999999862e+02 1.084316569999999924e+00 1.033557369999999961e-02 1.052610007114803636e+01
1.503454000000000121e+02 1.088682490000000058e+00 1.075034459999999956e-02 1.049212216776857609e+01
1.504165999999999883e+02 1.094213279999999955e+00 1.127748200000000013e-02 1.040515498943304706e+01
1.503394999999999868e+02 1.098730599999999891e+00 1.171162450000000008e-02 1.005011760374247487e+01
1.503274000000000115e+02 1.212042070000000082e+00 2.298626570000000119e-02 9.634919554876432812e+00
1.504192999999999927e+02 1.224502949999999979e+00 2.427956969999999978e-02 9.574637398950041955e+00
1.502900999999999954e+02 1.233466670000000098e+00 2.521576390000000029e-02 9.537205711217900728e+00
1.503403000000000134e+02 1.240766370000000007e+00 2.598115579999999911e-02 9.523117581349611172e+00
1.504184999999999945e+02 1.248840589999999917e+00 2.682901050000000009e-02 9.518343868960068122e+00
1.503280000000000030e+02 1.259033239999999942e+00 2.789985329999999930e-02 9.488089690739656135e+00
1.503464999999999918e+02 1.267475190000000085e+00 2.878959509999999902e-02 9.440780482461281764e+00
1.504079000000000121e+02 1.274783739999999943e+00 2.956374189999999916e-02 9.477395158927242491e+00
1.503106999999999971e+02 1.287161020000000100e+00 3.086972099999999927e-02 9.418602436893259267e+00
1.503374000000000024e+02 1.296014430000000051e+00 3.180971290000000201e-02 9.358514180218319822e+00
1.504269999999999925e+02 1.303285580000000055e+00 3.258666849999999893e-02 9.422016906305415773e+00
1.503192999999999984e+02 1.314229099999999928e+00 3.374815230000000055e-02 9.330919165305328278e+00
1.503205000000000098e+02 1.321511399999999892e+00 3.452860060000000064e-02 9.346976166892494220e+00
1.504034000000000049e+02 1.329849400000000070e+00 3.542065380000000013e-02 9.366970620842892004e+00
1.503146000000000129e+02 1.342284489999999941e+00 3.674820040000000010e-02 9.289558783727622782e+00
1.502826000000000022e+02 1.349626149999999969e+00 3.753851350000000225e-02 9.300144942911192203e+00
1.503788999999999874e+02 1.358489150000000034e+00 3.849150939999999854e-02 9.303092167785466771e+00
1.502966999999999871e+02 1.368719859999999899e+00 3.959122009999999775e-02 9.270237972925219339e+00
1.503117000000000019e+02 1.376813269999999978e+00 4.046427319999999772e-02 9.241695123552306157e+00
1.503925999999999874e+02 1.384035420000000016e+00 4.124574780000000301e-02 9.253393833815215075e+00
1.503008000000000095e+02 1.392352089999999931e+00 4.214451749999999913e-02 9.281879210184799334e+00
1.502866999999999962e+02 1.404767850000000040e+00 4.348215180000000041e-02 9.210553527174017319e+00
1.503611999999999966e+02 1.412027389999999993e+00 4.427032809999999902e-02 9.222996483678516100e+00
1.502796999999999912e+02 1.420864499999999975e+00 4.522848849999999699e-02 9.229577746902030810e+00
1.502449000000000012e+02 1.431047890000000100e+00 4.633183149999999667e-02 9.180268371583752085e+00
1.503490999999999929e+02 1.439071350000000082e+00 4.720582119999999771e-02 9.157775179714745306e+00
1.502280000000000086e+02 1.446378750000000046e+00 4.800376609999999766e-02 9.222818326265967315e+00
1.502441000000000031e+02 1.459099170000000001e+00 4.938299959999999794e-02 9.161290016112417334e+00
1.503344999999999914e+02 1.467199240000000016e+00 5.026716219999999985e-02 9.145321541073323957e+00
1.502298999999999864e+02 1.474434369999999994e+00 5.105829130000000271e-02 9.182249398664218631e+00
1.502002999999999986e+02 1.486235980000000012e+00 5.234355479999999727e-02 9.108464007017296638e+00
1.502904000000000053e+02 1.493467410000000051e+00 5.313747900000000135e-02 9.136706585137405412e+00
1.502167000000000030e+02 1.501501549999999963e+00 5.401680460000000267e-02 9.134191378947324580e+00
1.502683000000000106e+02 1.508782539999999894e+00 5.481391840000000154e-02 9.159411497959933257e+00
1.503367000000000075e+02 1.521501580000000020e+00 5.620254909999999882e-02 9.111718461862452045e+00
1.502569000000000017e+02 1.529567869999999941e+00 5.708781460000000169e-02 9.095107368748205801e+00
1.503195000000000050e+02 1.536778009999999917e+00 5.788056390000000107e-02 9.148218836834308476e+00
1.503771000000000129e+02 1.549979360000000028e+00 5.932361530000000022e-02 9.094327936689424519e+00
1.502858999999999980e+02 1.557238899999999981e+00 6.012186449999999682e-02 9.070743433878035944e+00
1.503170000000000073e+02 1.565224280000000023e+00 6.100220910000000302e-02 9.107991359917704699e+00
1.503823999999999899e+02 1.575396460000000110e+00 6.211905029999999911e-02 9.081499515830332214e+00
1.502788999999999930e+02 1.583727319999999938e+00 6.303639440000000094e-02 9.056608200183038804e+00
1.503226999999999975e+02 1.590984659999999939e+00 6.383772529999999501e-02 9.117115259121305826e+00
1.503674000000000035e+02 1.603344899999999962e+00 6.519344359999999783e-02 9.051376829975783522e+00
1.502298999999999864e+02 1.612162010000000034e+00 6.616756170000000215e-02 9.045357142812520124e+00
1.502740000000000009e+02 1.619395820000000041e+00 6.696728799999999981e-02 9.074422024616096039e+00
1.503409000000000049e+02 1.630309180000000024e+00 6.816993870000000177e-02 9.024623862167109323e+00
1.502293999999999983e+02 1.637571579999999916e+00 6.897467029999999888e-02 9.022847793570992536e+00
1.502368999999999915e+02 1.645978289999999955e+00 6.990638389999999369e-02 9.060466733938744355e+00
1.503292999999999893e+02 1.653293420000000014e+00 7.071375180000000205e-02 9.058426032408066320e+00
1.502355000000000018e+02 1.665617530000000013e+00 7.207426520000000114e-02 9.031407722998256560e+00
1.502670999999999992e+02 1.674348610000000015e+00 7.304101150000000264e-02 9.011002120709882490e+00
1.503465999999999951e+02 1.681614909999999963e+00 7.384739240000000315e-02 9.045307296896311300e+00
1.502702999999999918e+02 1.692507079999999942e+00 7.505157149999999722e-02 9.000547976481314549e+00
1.502735999999999876e+02 1.699729180000000062e+00 7.585397820000000513e-02 8.968989391292014446e+00
1.503683000000000050e+02 1.708050220000000063e+00 7.678173489999999546e-02 9.045379019844187241e+00
1.502481999999999971e+02 1.720420929999999959e+00 7.814936249999999973e-02 8.946932326119782175e+00
1.502752999999999872e+02 1.727689000000000030e+00 7.896171579999999857e-02 9.005481222526187324e+00
1.503351000000000113e+02 1.736528340000000004e+00 7.994326690000000402e-02 8.990653608835090793e+00
1.502382000000000062e+02 1.746694009999999908e+00 8.107396000000000047e-02 9.013979718787453521e+00
1.502274999999999920e+02 1.754714550000000095e+00 8.196374900000000241e-02 8.965038301377264318e+00
1.503122999999999934e+02 1.761994110000000058e+00 8.277574329999999592e-02 8.983681053659054783e+00
1.502707000000000050e+02 1.770400779999999896e+00 8.371151450000000049e-02 9.031766832512719390e+00
1.502470000000000141e+02 1.782767999999999908e+00 8.508081689999999475e-02 8.952396738582562463e+00
1.503026999999999873e+02 1.790005309999999961e+00 8.588923839999999810e-02 8.978048463977190252e+00
1.502607999999999890e+02 1.798757170000000016e+00 8.686404490000000644e-02 8.989269594584877510e+00
1.501895000000000095e+02 1.808876460000000019e+00 8.798975259999999854e-02 8.974683890964929134e+00
1.502550999999999988e+02 1.816872529999999930e+00 8.888071100000000113e-02 8.926729281783050141e+00
1.502796999999999912e+02 1.824090219999999984e+00 8.968925910000000168e-02 9.001916479198493803e+00
1.501588000000000136e+02 1.836757860000000075e+00 9.109647499999999620e-02 8.932730052637824159e+00
1.502223999999999933e+02 1.844794070000000064e+00 9.199611150000000515e-02 8.966216092382177649e+00
1.502772999999999968e+02 1.852034579999999986e+00 9.280364389999999630e-02 8.979778118414957433e+00
1.501818000000000097e+02 1.863757340000000040e+00 9.410910599999999793e-02 8.930454858338874757e+00
1.502096999999999980e+02 1.870977260000000086e+00 9.491756649999999462e-02 8.929805793193096974e+00
1.502933999999999912e+02 1.878978950000000037e+00 9.581363190000000141e-02 8.989832802866194683e+00
1.502077999999999918e+02 1.891676499999999983e+00 9.722606640000000522e-02 8.916255564411425638e+00
1.502203000000000088e+02 1.898932440000000055e+00 9.803985419999999840e-02 8.949396692445244383e+00
1.503129999999999882e+02 1.906977970000000022e+00 9.893885669999999410e-02 8.910536949210436930e+00
1.502490999999999985e+02 1.914277170000000083e+00 9.975802170000000468e-02 8.956826008409134232e+00
1.502236000000000047e+02 1.925983180000000017e+00 1.010649589999999959e-01 8.637191118088155761e+00
1.503152000000000044e+02 1.928844119999999940e+00 1.013961939999999951e-01 -1.761832829804339440e+01
1.502238000000000113e+02 1.928774140000000026e+00 1.014001659999999999e-01 -5.167092924126933440e+01
1.502314000000000078e+02 1.928652919999999993e+00 1.014025120000000002e-01 -6.163655136832807102e+01
1.503021999999999991e+02 1.928533529999999940e+00 1.014044489999999937e-01 7.123485285674883016e+01
1.501800000000000068e+02 1.928410079999999915e+00 1.014027160000000038e-01 0.000000000000000000e+00
0.000000000000000000e+00 0.000000000000000000e+00 0.000000000000000000e+00 0.000000000000000000e+00
0.000000000000000000e+00 0.000000000000000000e+00 0.000000000000000000e+00 0.000000000000000000e+00
0.000000000000000000e+00 0.000000000000000000e+00 0.000000000000000000e+00 0.000000000000000000e+00
0.000000000000000000e+00 0.000000000000000000e+00 0.000000000000000000e+00 0.000000000000000000e+00
0.000000000000000000e+00 0.000000000000000000e+00 0.000000000000000000e+00 0.000000000000000000e+00
0.000000000000000000e+00 0.000000000000000000e+00 0.000000000000000000e+00 0.000000000000000000e+00
0.000000000000000000e+00 0.000000000000000000e+00 0.000000000000000000e+00 0.000000000000000000e+00
0.000000000000000000e+00 0.000000000000000000e+00 0.000000000000000000e+00 0.000000000000000000e+00
0.000000000000000000e+00 0.000000000000000000e+00 0.000000000000000000e+00 0.000000000000000000e+00
0.000000000000000000e+00 0.000000000000000000e+00 0.000000000000000000e+00 0.000000000000000000e+00
0.000000000000000000e+00 0.000000000000000000e+00 0.000000000000000000e+00 0.000000000000000000e+00
0.000000000000000000e+00 0.000000000000000000e+00 0.000000000000000000e+00 0.000000000000000000e+00
0.000000000000000000e+00 0.000000000000000000e+00 0.000000000000000000e+00 0.000000000000000000e+00
0.000000000000000000e+00 0.000000000000000000e+00 0.000000000000000000e+00 0.000000000000000000e+00
0.000000000000000000e+00 0.000000000000000000e+00 0.000000000000000000e+00 0.000000000000000000e+00
0.000000000000000000e+00 0.000000000000000000e+00 0.000000000000000000e+00 0.000000000000000000e+00
0.000000000000000000e+00 0.000000000000000000e+00 0.000000000000000000e+00 0.000000000000000000e+00
0.000000000000000000e+00 0.000000000000000000e+00 0.000000000000000000e+00 0.000000000000000000e+00
0.000000000000000000e+00 0.000000000000000000e+00 0.000000000000000000e+00 0.000000000000000000e+00
0.000000000000000000e+00 0.000000000000000000e+00 0.000000000000000000e+00 0.000000000000000000e+00
0.000000000000000000e+00 0.000000000000000000e+00 0.000000000000000000e+00 0.000000000000000000e+00
0.000000000000000000e+00 0.000000000000000000e+00 0.000000000000000000e+00 0.000000000000000000e+00
0.000000000000000000e+00 0.000000000000000000e+00 0.000000000000000000e+00 0.000000000000000000e+00
0.000000000000000000e+00 0.000000000000000000e+00 0.000000000000000000e+00 0.000000000000000000e+00
0.000000000000000000e+00 0.000000000000000000e+00 0.000000000000000000e+00 0.000000000000000000e+00
0.000000000000000000e+00 0.000000000000000000e+00 0.000000000000000000e+00 0.000000000000000000e+00
0.000000000000000000e+00 0.000000000000000000e+00 0.000000000000000000e+00 0.000000000000000000e+00
0.000000000000000000e+00 0.000000000000000000e+00 0.000000000000000000e+00 0.000000000000000000e+00
0.000000000000000000e+00 0.000000000000000000e+00 0.000000000000000000e+00 0.000000000000000000e+00
0.000000000000000000e+00 0.000000000000000000e+00 0.000000000000000000e+00 0.000000000000000000e+00
0.000000000000000000e+00 0.000000000000000000e+00 0.000000000000000000e+00 0.000000000000000000e+00
0.000000000000000000e+00 0.000000000000000000e+00 0.000000000000000000e+00 0.000000000000000000e+00
0.000000000000000000e+00 0.000000000000000000e+00 0.000000000000000000e+00 0.000000000000000000e+00
0.000000000000000000e+00 0.000000000000000000e+00 0.000000000000000000e+00 0.000000000000000000e+00
0.000000000000000000e+00 0.000000000000000000e+00 0.000000000000000000e+00 0.000000000000000000e+00
0.000000000000000000e+00 0.000000000000000000e+00 0.000000000000000000e+00 0.000000000000000000e+00
0.000000000000000000e+00 0.000000000000000000e+00 0.000000000000000000e+00 0.000000000000000000e+00
0.000000000000000000e+00 0.000000000000000000e+00 0.000000000000000000e+00 0.000000000000000000e+00
0.000000000000000000e+00 0.000000000000000000e+00 0.000000000000000000e+00 0.000000000000000000e+00
0.000000000000000000e+00 0.000000000000000000e+00 0.000000000000000000e+00 0.000000000000000000e+00
