1.502254000000000076e+02 5.049365519999999830e-01 3.981781079999999885e-08 1.574517080321638845e+06
1.501150000000000091e+02 4.967813569999999790e-01 3.463832109999999701e-08 9.671366708038393408e+06
1.501441000000000088e+02 5.080941500000000222e-01 3.580804130000000035e-08 2.438750281267744023e+06
1.502026999999999930e+02 5.170584299999999578e-01 3.948380919999999680e-08 -9.463620365720847622e+05
1.500656999999999925e+02 5.251222700000000021e-01 3.096292640000000041e-08 7.686117357025124133e+06
1.500715999999999894e+02 5.392493659999999522e-01 3.280092800000000057e-08 2.333556485630029347e+06
1.501602000000000032e+02 5.482171439999999896e-01 3.664389389999999804e-08 1.819228289815088734e+07
1.500698999999999899e+02 5.563220679999999474e-01 3.708940829999999825e-08 9.046450440363553353e+05
1.500490000000000066e+02 5.661971049999999783e-01 4.800533279999999894e-08 -1.071186808301644865e+06
1.501418999999999926e+02 5.775323329999999533e-01 3.742339890000000010e-08 2.565573637332936283e+06
1.500960000000000036e+02 5.865341330000000131e-01 4.093208789999999876e-08 3.093586666652909014e+06
1.501016999999999939e+02 5.946327200000000035e-01 4.354995120000000053e-08 -1.843537101458715042e+06
1.501862000000000137e+02 6.088015989999999711e-01 3.586424800000000236e-08 9.038607499933409272e+05
1.500354000000000099e+02 6.177616139999999589e-01 4.577729600000000193e-08 -4.854996220040920377e+07
1.500444999999999993e+02 6.258726279999999864e-01 4.561023070000000186e-08 -6.532655629108017311e+06
1.501341999999999928e+02 6.389694750000000090e-01 4.360540329999999690e-08 1.242391043658281909e+06
1.500558000000000050e+02 6.470656160000000101e-01 5.012198359999999850e-08 -1.500673692607411649e+06
1.500452999999999975e+02 6.560082769999999730e-01 4.416288599999999986e-08 2.856685561937374063e+06
1.501329000000000065e+02 6.701664699999999586e-01 4.911904679999999967e-08 7.302332408629326522e+07
1.500994000000000028e+02 6.783003189999999849e-01 4.923043380000000075e-08 3.411157512469808105e+06
1.500535999999999888e+02 6.872286969999999995e-01 5.184783799999999679e-08 2.084267687453584746e+06
1.501182000000000016e+02 6.986045450000000212e-01 5.730579719999999864e-08 -2.056759965077019762e+06
1.501448000000000036e+02 7.084558949999999466e-01 5.251605499999999955e-08 2.502987335135463160e+06
1.500097000000000094e+02 7.165410949999999612e-01 5.574627510000000169e-08 -2.679867726126202941e+07
1.500424999999999898e+02 7.254984429999999929e-01 5.541202920000000283e-08 -4.115285476210705005e+06
1.501266999999999996e+02 7.397084969999999648e-01 5.195903570000000204e-08 1.173878817174556432e+06
1.499895999999999958e+02 7.478152479999999880e-01 5.886498789999999915e-08 2.510182497867287602e+06
1.500288999999999930e+02 7.567624819999999586e-01 6.242936380000000285e-08 -2.268030527979396656e+07
1.501252000000000066e+02 7.681311709999999460e-01 6.192810560000000427e-08 1.212922069154153811e+06
1.500648999999999944e+02 7.779260959999999558e-01 7.000358319999999556e-08 2.794758462234116625e+06
1.500897999999999968e+02 7.860198800000000041e-01 7.289964169999999759e-08 7.565603844498005928e+05
1.501846999999999923e+02 7.998820650000000310e-01 9.122228359999999894e-08 4.535234407516203937e+05
1.500613999999999919e+02 8.092276200000000363e-01 1.118288370000000060e-07 2.416916172938196978e+05
1.500604999999999905e+02 8.173578280000000085e-01 1.454676040000000088e-07 1.138804498049551039e+05
1.501442999999999870e+02 8.295415550000000415e-01 2.524545980000000172e-07 5.541428113246901194e+04
1.500778999999999996e+02 8.377261750000000173e-01 4.001533470000000112e-07 2.873346729110209708e+04
1.500167999999999893e+02 8.475806000000000173e-01 7.431131749999999649e-07 1.486776530203822949e+04
1.500914999999999964e+02 8.557674100000000061e-01 1.293754770000000046e-06 6.540001324130316789e+03
1.500989999999999895e+02 8.695711839999999970e-01 3.404423149999999873e-06 2.960389079275126278e+03
1.500696000000000083e+02 8.788034759999999723e-01 6.523030790000000151e-06 1.618131576709308092e+03
1.501375999999999920e+02 8.868819449999999494e-01 1.151549809999999958e-05 7.868259941280217618e+02
1.501052999999999997e+02 8.989133990000000018e-01 2.680662230000000013e-05 4.034355184229266342e+02
1.500375999999999976e+02 9.067731380000000341e-01 4.628864269999999874e-05 2.241552681205491808e+02
1.501005999999999858e+02 9.161845960000000177e-01 8.827497689999999641e-05 1.111657521114444762e+02
1.500940999999999974e+02 9.288080389999999742e-01 2.018301209999999880e-04 6.591713512269011233e+01
1.500071000000000083e+02 9.357244649999999497e-01 3.067561919999999801e-04 4.695044664102195497e+01
1.500841000000000065e+02 9.432384849999999599e-01 4.667976940000000152e-04 3.424472517451298614e+01
1.500922999999999945e+02 9.517888740000000070e-01 7.164825419999999506e-04 2.721134806821976326e+01
1.500416999999999916e+02 9.581603810000000054e-01 9.506314339999999592e-04 2.343606316961595581e+01
1.501086999999999989e+02 9.636515629999999888e-01 1.184936230000000097e-03 2.005725195379361026e+01
1.501424000000000092e+02 9.731794310000000392e-01 1.659969799999999910e-03 1.781763062279212662e+01
1.500332999999999970e+02 9.787149560000000248e-01 1.970646630000000028e-03 1.664445249004525351e+01
1.500786999999999978e+02 9.836105720000000163e-01 2.264775619999999812e-03 1.574564278328483269e+01
1.501443999999999903e+02 9.890943869999999638e-01 2.613050699999999813e-03 1.484616712153234452e+01
1.499975000000000023e+02 9.955909859999999556e-01 3.050645060000000026e-03 1.418551095659169725e+01
1.500363000000000113e+02 1.000618989999999986e+00 3.405091509999999978e-03 1.375617080689655403e+01
1.501022000000000105e+02 1.005124549999999894e+00 3.732621609999999934e-03 1.323419629388696528e+01
1.499787000000000035e+02 1.012373289999999981e+00 4.280349620000000258e-03 1.284833340697633908e+01
1.499833999999999889e+02 1.017240960000000083e+00 4.659205760000000029e-03 1.259037398473701508e+01
1.500825000000000102e+02 1.021550729999999962e+00 5.001512510000000189e-03 1.229353508009220519e+01
1.499823000000000093e+02 1.028141430000000023e+00 5.537623559999999695e-03 1.206354304695402568e+01
1.500139000000000067e+02 1.032353960000000015e+00 5.886818650000000264e-03 1.187038316248077940e+01
1.500975999999999999e+02 1.036993859999999934e+00 6.277699040000000140e-03 1.165615969770336591e+01
1.500249000000000024e+02 1.044552099999999983e+00 6.926132160000000003e-03 1.147281785518423192e+01
1.500531000000000006e+02 1.048695020000000033e+00 7.287239610000000208e-03 1.136315036980271920e+01
1.501317999999999984e+02 1.053225139999999893e+00 7.685907219999999623e-03 1.124681450624727397e+01
1.500675999999999988e+02 1.057308010000000076e+00 8.048931789999999933e-03 1.111536986001127048e+01
1.500240000000000009e+02 1.063618139999999990e+00 8.616625899999999158e-03 1.100278671514258377e+01
1.501191000000000031e+02 1.067692429999999915e+00 8.986922090000000127e-03 1.093747729076966912e+01
1.500971999999999866e+02 1.072147519999999910e+00 9.394245449999999789e-03 1.082587735962727393e+01
1.500444999999999993e+02 1.079448830000000026e+00 1.006867669999999930e-02 1.070315998285922632e+01
1.501350999999999942e+02 1.083450140000000061e+00 1.044252050000000001e-02 1.065645612263281805e+01
1.500966999999999985e+02 1.087850259999999958e+00 1.085542700000000083e-02 1.058416509247014581e+01
1.500242000000000075e+02 1.093348430000000038e+00 1.137489830000000014e-02 1.051212580606658165e+01
1.501082000000000107e+02 1.097867389999999999e+00 1.180477899999999962e-02 1.006243033598814129e+01
1.500973999999999933e+02 1.211918129999999927e+00 2.313909249999999973e-02 9.682868607665568561e+00
1.500297999999999945e+02 1.224373170000000011e+00 2.442538899999999874e-02 9.631891557740731358e+00
1.500845999999999947e+02 1.233257489999999956e+00 2.534777480000000027e-02 9.591838791314309276e+00
1.501316999999999950e+02 1.240586449999999896e+00 2.611185770000000114e-02 9.563762470816175920e+00
1.499924000000000035e+02 1.248645999999999923e+00 2.695457520000000065e-02 9.571925612209756906e+00
1.500272999999999968e+02 1.258893089999999937e+00 2.802511109999999972e-02 9.501350897886135627e+00
1.501022000000000105e+02 1.267305340000000058e+00 2.891048519999999886e-02 9.508928909595937284e+00
1.500131000000000085e+02 1.274586149999999973e+00 2.967616660000000142e-02 9.497895324971308284e+00
1.500362000000000080e+02 1.287004140000000074e+00 3.098361310000000146e-02 9.468874281555219596e+00
1.501170999999999935e+02 1.295879669999999928e+00 3.192095050000000322e-02 9.404234716840980113e+00
1.500372999999999877e+02 1.303165630000000075e+00 3.269570360000000064e-02 9.436283582396773895e+00
1.499995000000000118e+02 1.314254789999999895e+00 3.387086539999999840e-02 9.362911965354500765e+00
1.500894999999999868e+02 1.321550180000000019e+00 3.465004499999999737e-02 9.384776622305787797e+00
1.500099999999999909e+02 1.329963879999999987e+00 3.554657139999999743e-02 9.401732889371221091e+00
1.499482999999999890e+02 1.342314519999999956e+00 3.686022709999999675e-02 9.304824727261580719e+00
1.500184000000000140e+02 1.349560909999999891e+00 3.763900480000000048e-02 9.347885068263854791e+00
1.500602000000000089e+02 1.358429399999999898e+00 3.858772099999999844e-02 9.324040160505241204e+00
1.499918999999999869e+02 1.368628229999999890e+00 3.968154189999999887e-02 9.315604085294099335e+00
1.500615999999999985e+02 1.376682900000000043e+00 4.054618470000000141e-02 9.287010249235551740e+00
1.501068999999999960e+02 1.384017920000000013e+00 4.133599970000000068e-02 9.265292560926152277e+00
1.499782999999999902e+02 1.392380900000000032e+00 4.223861339999999964e-02 9.304953104368863137e+00
1.500039999999999907e+02 1.404876889999999934e+00 4.358155300000000204e-02 9.233266726973660354e+00
1.500888999999999953e+02 1.412205500000000002e+00 4.437527100000000085e-02 9.263377290597741620e+00
1.499733999999999980e+02 1.421018829999999955e+00 4.532668749999999719e-02 9.252319583272340608e+00
1.499915000000000020e+02 1.431144860000000074e+00 4.642111899999999680e-02 9.216828364706062260e+00
1.500699999999999932e+02 1.439185410000000109e+00 4.729349609999999871e-02 9.196445009200637344e+00
1.500303000000000111e+02 1.446483500000000033e+00 4.808707339999999941e-02 9.231771150025425143e+00
1.499801999999999964e+02 1.459198940000000055e+00 4.946442990000000234e-02 9.200985759526343344e+00
1.500688000000000102e+02 1.467199590000000109e+00 5.033397259999999873e-02 9.146573133985642201e+00
1.500367999999999995e+02 1.474453009999999953e+00 5.112699309999999692e-02 9.207376805071266546e+00
1.499604999999999961e+02 1.486207510000000065e+00 5.240363249999999834e-02 9.169815786738153562e+00
1.500352000000000032e+02 1.493467520000000048e+00 5.319536159999999764e-02 9.128497526929210792e+00
1.500056999999999903e+02 1.501519229999999983e+00 5.407740269999999905e-02 9.144156192492685520e+00
1.499322999999999979e+02 1.508872889999999911e+00 5.488159499999999830e-02 9.180431897443357414e+00
1.500035000000000025e+02 1.521687819999999913e+00 5.627749120000000160e-02 9.122805094929898218e+00
1.500079000000000065e+02 1.529679400000000022e+00 5.715349150000000045e-02 9.115163287482790366e+00
1.499037999999999897e+02 1.536943619999999955e+00 5.795042949999999748e-02 9.164607266376471273e+00
1.499697999999999922e+02 1.550143829999999889e+00 5.939077599999999929e-02 9.083400533015929312e+00
1.500081999999999880e+02 1.557347279999999889e+00 6.018381049999999705e-02 9.107303146512055747e+00
1.499138000000000090e+02 1.565325120000000014e+00 6.105979319999999683e-02 9.110587132426323009e+00
1.499902999999999906e+02 1.575448020000000060e+00 6.217090709999999881e-02 9.081144260444485639e+00
1.500510999999999910e+02 1.583811120000000017e+00 6.309183729999999490e-02 9.077659156146648201e+00
1.499639999999999986e+02 1.591048369999999990e+00 6.388909680000000313e-02 9.124108000915144956e+00
1.500418999999999983e+02 1.603399299999999972e+00 6.524275570000000191e-02 9.074035447416727962e+00
1.500446000000000026e+02 1.612278270000000013e+00 6.622125859999999919e-02 9.019842007744678369e+00
1.499786000000000001e+02 1.619583329999999988e+00 6.703114640000000513e-02 9.098595812084708356e+00
1.500601000000000056e+02 1.630483920000000087e+00 6.822919830000000185e-02 9.017417406062870455e+00
1.500255999999999972e+02 1.637734030000000063e+00 6.903321010000000590e-02 9.055489061239502036e+00
1.499395000000000095e+02 1.646089700000000100e+00 6.995592890000000563e-02 9.045177399341969959e+00
1.500243000000000109e+02 1.653411629999999910e+00 7.076541329999999630e-02 9.083488168375460248e+00
1.499865000000000066e+02 1.665754380000000090e+00 7.212422500000000014e-02 9.036714389985935014e+00
1.499491999999999905e+02 1.674532310000000024e+00 7.309558800000000300e-02 9.037228392992989967e+00
1.500411000000000001e+02 1.681757039999999925e+00 7.389502890000000657e-02 9.041585262727441119e+00
1.500142999999999915e+02 1.692661860000000074e+00 7.510110279999999972e-02 9.012498682029251640e+00
1.500080000000000098e+02 1.699961599999999962e+00 7.591106020000000509e-02 9.021753083978236276e+00
1.500922999999999945e+02 1.708282499999999926e+00 7.683337540000000077e-02 9.049110691389854466e+00
1.500201000000000136e+02 1.720615189999999961e+00 7.819623750000000151e-02 8.988878764613687622e+00
1.500031999999999925e+02 1.727834429999999921e+00 7.899936770000000330e-02 9.003694711500422443e+00
1.501036000000000001e+02 1.736647529999999939e+00 7.997819920000000249e-02 9.026403732771580479e+00
1.500107999999999890e+02 1.746804730000000028e+00 8.110347569999999673e-02 8.992634633081696194e+00
1.499842999999999904e+02 1.754936889999999972e+00 8.200778910000000588e-02 8.999402599523568469e+00
1.500516000000000076e+02 1.762188829999999928e+00 8.281361369999999666e-02 8.973544195712008786e+00
1.500182000000000073e+02 1.770465879999999936e+00 8.373599730000000352e-02 9.018656442752243763e+00
1.499924000000000035e+02 1.782811710000000049e+00 8.510491850000000136e-02 8.975451772767748082e+00
1.500798000000000059e+02 1.790060449999999914e+00 8.591253690000000276e-02 8.989505516924436890e+00
1.500356999999999914e+02 1.798800530000000064e+00 8.688479059999999754e-02 8.996747980606434325e+00
1.499842999999999904e+02 1.808941729999999914e+00 8.801199789999999967e-02 8.968157164830845574e+00
1.500563999999999965e+02 1.816962699999999931e+00 8.890638119999999534e-02 8.947135102225599823e+00
1.500851999999999862e+02 1.824151800000000101e+00 8.970988979999999779e-02 9.021521981895631370e+00
1.499682999999999993e+02 1.836852949999999929e+00 9.111776200000000492e-02 8.961423673182343563e+00
1.500328000000000088e+02 1.844840620000000042e+00 9.200910140000000126e-02 8.914919717390958454e+00
1.500506000000000029e+02 1.852025070000000051e+00 9.281499199999999894e-02 8.982858668707111249e+00
1.499702000000000055e+02 1.863745479999999954e+00 9.411974480000000198e-02 8.951974778275847200e+00
1.500483999999999867e+02 1.870990050000000071e+00 9.492901539999999694e-02 8.930596242678245034e+00
1.500646000000000129e+02 1.878993670000000060e+00 9.582521759999999833e-02 8.990925820471904473e+00
1.499878999999999962e+02 1.891686240000000074e+00 9.723692650000000104e-02 8.932408643512669499e+00
1.500497000000000014e+02 1.898943269999999961e+00 9.804936470000000237e-02 8.939428744587067044e+00
1.501263999999999896e+02 1.906990980000000002e+00 9.894961350000000544e-02 8.913031761934384178e+00
1.499869999999999948e+02 1.914234510000000000e+00 9.976230329999999369e-02 8.963107733636759278e+00
1.500033999999999992e+02 1.925907529999999923e+00 1.010646439999999951e-01 8.753326126199480584e+00
1.500874000000000024e+02 1.929364910000000100e+00 1.014596229999999988e-01 1.965764331197259240e+00
1.499660000000000082e+02 1.929389599999999927e+00 1.014721829999999936e-01 3.914489896508546707e+01
1.499578999999999951e+02 1.929230750000000105e+00 1.014681250000000062e-01 -6.847307430180582344e+01
1.500558000000000050e+02 1.929130299999999965e+00 1.014695919999999973e-01 3.312338425382926488e+01
1.499586999999999932e+02 1.928989360000000097e+00 1.014653370000000027e-01 0.000000000000000000e+00
0.000000000000000000e+00 0.000000000000000000e+00 0.000000000000000000e+00 0.000000000000000000e+00
0.000000000000000000e+00 0.000000000000000000e+00 0.000000000000000000e+00 0.000000000000000000e+00
0.000000000000000000e+00 0.000000000000000000e+00 0.000000000000000000e+00 0.000000000000000000e+00
0.000000000000000000e+00 0.000000000000000000e+00 0.000000000000000000e+00 0.000000000000000000e+00
0.000000000000000000e+00 0.000000000000000000e+00 0.000000000000000000e+00 0.000000000000000000e+00
0.000000000000000000e+00 0.000000000000000000e+00 0.000000000000000000e+00 0.000000000000000000e+00
0.000000000000000000e+00 0.000000000000000000e+00 0.000000000000000000e+00 0.000000000000000000e+00
0.000000000000000000e+00 0.000000000000000000e+00 0.000000000000000000e+00 0.000000000000000000e+00
0.000000000000000000e+00 0.000000000000000000e+00 0.000000000000000000e+00 0.000000000000000000e+00
0.000000000000000000e+00 0.000000000000000000e+00 0.000000000000000000e+00 0.000000000000000000e+00
0.000000000000000000e+00 0.000000000000000000e+00 0.000000000000000000e+00 0.000000000000000000e+00
0.000000000000000000e+00 0.000000000000000000e+00 0.000000000000000000e+00 0.000000000000000000e+00
0.000000000000000000e+00 0.000000000000000000e+00 0.000000000000000000e+00 0.000000000000000000e+00
0.000000000000000000e+00 0.000000000000000000e+00 0.000000000000000000e+00 0.000000000000000000e+00
0.000000000000000000e+00 0.000000000000000000e+00 0.000000000000000000e+00 0.000000000000000000e+00
0.000000000000000000e+00 0.000000000000000000e+00 0.000000000000000000e+00 0.000000000000000000e+00
0.000000000000000000e+00 0.000000000000000000e+00 0.000000000000000000e+00 0.000000000000000000e+00
0.000000000000000000e+00 0.000000000000000000e+00 0.000000000000000000e+00 0.000000000000000000e+00
0.000000000000000000e+00 0.000000000000000000e+00 0.000000000000000000e+00 0.000000000000000000e+00
0.000000000000000000e+00 0.000000000000000000e+00 0.000000000000000000e+00 0.000000000000000000e+00
0.000000000000000000e+00 0.000000000000000000e+00 0.000000000000000000e+00 0.000000000000000000e+00
0.000000000000000000e+00 0.000000000000000000e+00 0.000000000000000000e+00 0.000000000000000000e+00
0.000000000000000000e+00 0.000000000000000000e+00 0.000000000000000000e+00 0.000000000000000000e+00
0.000000000000000000e+00 0.000000000000000000e+00 0.000000000000000000e+00 0.000000000000000000e+00
0.000000000000000000e+00 0.000000000000000000e+00 0.000000000000000000e+00 0.000000000000000000e+00
0.000000000000000000e+00 0.000000000000000000e+00 0.000000000000000000e+00 0.000000000000000000e+00
0.000000000000000000e+00 0.000000000000000000e+00 0.000000000000000000e+00 0.000000000000000000e+00
0.000000000000000000e+00 0.000000000000000000e+00 0.000000000000000000e+00 0.000000000000000000e+00
0.000000000000000000e+00 0.000000000000000000e+00 0.000000000000000000e+00 0.000000000000000000e+00
0.000000000000000000e+00 0.000000000000000000e+00 0.000000000000000000e+00 0.000000000000000000e+00
0.000000000000000000e+00 0.000000000000000000e+00 0.000000000000000000e+00 0.000000000000000000e+00
0.000000000000000000e+00 0.000000000000000000e+00 0.000000000000000000e+00 0.000000000000000000e+00
0.000000000000000000e+00 0.000000000000000000e+00 0.000000000000000000e+00 0.000000000000000000e+00
0.000000000000000000e+00 0.000000000000000000e+00 0.000000000000000000e+00 0.000000000000000000e+00
0.000000000000000000e+00 0.000000000000000000e+00 0.000000000000000000e+00 0.000000000000000000e+00
0.000000000000000000e+00 0.000000000000000000e+00 0.000000000000000000e+00 0.000000000000000000e+00
0.000000000000000000e+00 0.000000000000000000e+00 0.000000000000000000e+00 0.000000000000000000e+00
0.000000000000000000e+00 0.000000000000000000e+00 0.000000000000000000e+00 0.000000000000000000e+00
0.000000000000000000e+00 0.000000000000000000e+00 0.000000000000000000e+00 0.000000000000000000e+00
0.000000000000000000e+00 0.000000000000000000e+00 0.000000000000000000e+00 0.000000000000000000e+00
