1.598787000000000091e+02 5.050224960000000429e-01 1.147245999999999949e-07 9.465530062687953468e+05
1.598088999999999942e+02 4.969041209999999764e-01 1.061478219999999948e-07 3.981175265943106264e+06
1.598541999999999916e+02 5.082106069999999809e-01 1.089878090000000049e-07 -5.922609904176716693e+06
1.599213000000000022e+02 5.171170870000000308e-01 1.074839989999999945e-07 -1.498251684176977025e+06
1.598660999999999888e+02 5.252111550000000406e-01 1.020816570000000003e-07 1.530637124470751733e+06
1.599362999999999886e+02 5.393624339999999462e-01 1.113270089999999945e-07 1.497034243093902478e+06
1.599471000000000060e+02 5.482835409999999854e-01 1.172861960000000051e-07 5.818141867438788526e+06
1.599482000000000141e+02 5.563860250000000063e-01 1.186788199999999957e-07 1.967489092073463649e+07
1.600501999999999896e+02 5.662478869999999498e-01 1.191800609999999954e-07 -4.155792618019974325e+06
1.600378000000000043e+02 5.775892569999999671e-01 1.164510099999999982e-07 2.729091021416689735e+06
1.601179999999999950e+02 5.865567689999999779e-01 1.197369069999999890e-07 -1.432443757278843783e+06
1.600737000000000023e+02 5.946143210000000012e-01 1.141118679999999940e-07 2.448048045766949188e+06
1.600863999999999976e+02 6.087945830000000003e-01 1.199043449999999937e-07 -1.151212749808450462e+06
1.601653000000000020e+02 6.177706739999999641e-01 1.121072710000000029e-07 1.064997550338649657e+06
1.601031000000000120e+02 6.258962070000000377e-01 1.197368970000000056e-07 -1.784221494283409789e+06
1.601594000000000051e+02 6.391123210000000388e-01 1.123296809999999949e-07 6.878276596544788219e+06
1.601724000000000103e+02 6.471596569999999993e-01 1.134996449999999999e-07 6.468376159229649231e+06
1.600928000000000111e+02 6.561656030000000417e-01 1.148919489999999944e-07 1.016369430457059480e+07
1.601453999999999951e+02 6.703167890000000240e-01 1.162842760000000061e-07 2.110752912273635622e+06
1.601867000000000019e+02 6.784290520000000324e-01 1.201275790000000101e-07 5.412929135744069517e+07
1.601416999999999859e+02 6.874729739999999589e-01 1.202946589999999868e-07 -1.990493207233315567e+06
1.602182999999999993e+02 6.987803190000000386e-01 1.146139840000000046e-07 4.015445758047999814e+06
1.602024000000000115e+02 7.086202129999999988e-01 1.170644950000000042e-07 -7.611238431318428367e+06
1.601151999999999873e+02 7.166739460000000062e-01 1.160063580000000016e-07 -2.687831240427493583e+06
1.601924999999999955e+02 7.256556189999999740e-01 1.126647519999999971e-07 -4.232886189327201992e+07
1.601893000000000029e+02 7.397954060000000442e-01 1.123307059999999941e-07 5.597245913413331844e+06
1.601408999999999878e+02 7.479003859999999726e-01 1.137787359999999978e-07 1.296837720710057765e+06
1.601998000000000104e+02 7.568564290000000527e-01 1.206847990000000104e-07 4.968447748685418628e+06
1.602099000000000046e+02 7.682033649999999714e-01 1.229685979999999918e-07 1.245274966883799760e+06
1.601612000000000080e+02 7.780516419999999878e-01 1.308771140000000045e-07 6.649711922057674266e+06
1.602564999999999884e+02 7.861941810000000475e-01 1.321016090000000116e-07 3.180855713584147743e+05
1.601877000000000066e+02 8.000120939999999514e-01 1.755424760000000040e-07 1.342117361048454768e+05
1.601689000000000078e+02 8.093256420000000118e-01 2.449369139999999973e-07 9.606798242953284353e+04
1.602495000000000118e+02 8.174100319999999531e-01 3.290897170000000230e-07 4.025135180836259678e+04
1.602128999999999905e+02 8.296117840000000188e-01 6.322286540000000316e-07 1.958912982480983555e+04
1.602677999999999940e+02 8.377058200000000454e-01 1.045418830000000097e-06 1.042313396439763710e+04
1.603312999999999988e+02 8.476103230000000543e-01 1.995661150000000113e-06 5.516491354752291954e+03
1.602732000000000028e+02 8.557040569999999624e-01 3.462849890000000040e-06 2.537917754253464409e+03
1.603233999999999924e+02 8.694316669999999636e-01 8.871854959999999805e-06 1.173407515914057285e+03
1.603139999999999930e+02 8.786412890000000475e-01 1.672046839999999913e-05 6.573822118444608122e+02
1.603049000000000035e+02 8.866090309999999919e-01 2.884087850000000149e-05 3.353470581227689422e+02
1.603703999999999894e+02 8.984384469999999734e-01 6.411602319999999341e-05 1.810285812863255615e+02
1.602939000000000078e+02 9.061005720000000485e-01 1.064415219999999940e-04 1.100103120367843132e+02
1.603246000000000038e+02 9.150294900000000009e-01 1.876058950000000054e-04 6.355621511060467554e+01
1.603777000000000044e+02 9.268263719999999539e-01 3.732192449999999890e-04 4.250971098752597044e+01
1.602969999999999970e+02 9.332770790000000094e-01 5.249659129999999967e-04 3.338984877377802007e+01
1.603600000000000136e+02 9.402540249999999933e-01 7.339200190000000259e-04 2.668569161897009323e+01
1.603920999999999992e+02 9.483106319999999867e-01 1.035827389999999975e-03 2.255721654713542179e+01
1.603439999999999941e+02 9.543344759999999871e-01 1.302874699999999894e-03 2.020318275022440702e+01
1.604259000000000128e+02 9.595686979999999977e-01 1.561953779999999958e-03 1.809102412198383192e+01
1.603200999999999965e+02 9.687165660000000011e-01 2.067611610000000179e-03 1.642747879314935844e+01
1.603028999999999940e+02 9.740565799999999497e-01 2.392677560000000102e-03 1.553991003209485378e+01
1.603805000000000121e+02 9.788048870000000123e-01 2.698233190000000076e-03 1.487339821184309585e+01
1.603038999999999987e+02 9.841341700000000303e-01 3.056542900000000073e-03 1.421411617188481635e+01
1.603035999999999888e+02 9.905473670000000119e-01 3.507727970000000008e-03 1.366004710744233286e+01
1.603705999999999960e+02 9.955261460000000007e-01 3.872205410000000188e-03 1.326274317098624422e+01
1.603063999999999965e+02 9.999535510000000516e-01 4.206028130000000025e-03 1.293385598328069719e+01
1.603294999999999959e+02 1.007114880000000046e+00 4.759716760000000206e-03 1.253694197589662096e+01
1.604000000000000057e+02 1.011863959999999896e+00 5.138523649999999880e-03 1.228357032254973724e+01
1.602939000000000078e+02 1.016136469999999958e+00 5.486346789999999897e-03 1.210709449069024757e+01
1.603446000000000140e+02 1.022679389999999966e+00 6.026767120000000102e-03 1.182764158554433997e+01
1.603849999999999909e+02 1.026870519999999898e+00 6.381117559999999883e-03 1.171285387031590020e+01
1.603086999999999875e+02 1.031482690000000035e+00 6.774887519999999927e-03 1.155840587350265203e+01
1.603660999999999888e+02 1.039013189999999920e+00 7.426404699999999970e-03 1.133750315895923322e+01
1.603684000000000083e+02 1.043104650000000078e+00 7.787283100000000347e-03 1.123273320452237378e+01
1.603393000000000086e+02 1.047598999999999947e+00 8.187394980000000169e-03 1.110545234336497700e+01
1.604117999999999995e+02 1.051664689999999958e+00 8.553493529999999304e-03 1.106750154120366680e+01
1.603701000000000079e+02 1.057933769999999996e+00 9.119933930000000827e-03 1.091546972605872767e+01
1.603898000000000081e+02 1.061962260000000047e+00 9.488996379999999758e-03 1.084334941578712375e+01
1.604370000000000118e+02 1.066389690000000057e+00 9.897304719999999723e-03 1.080358615061717842e+01
1.603359000000000094e+02 1.073657300000000037e+00 1.057000819999999973e-02 1.065518676697515765e+01
1.603586999999999989e+02 1.077637869999999998e+00 1.094358869999999956e-02 1.059244339059011430e+01
1.604044000000000096e+02 1.082059480000000073e+00 1.136101930000000051e-02 1.056062738007746837e+01
1.602985999999999933e+02 1.087601409999999991e+00 1.188579210000000053e-02 1.016008003138640348e+01
1.603464999999999918e+02 1.203574879999999903e+00 2.330041379999999926e-02 9.705078740599805798e+00
1.603567999999999927e+02 1.210918649999999985e+00 2.405710730000000172e-02 9.717098457976154791e+00
1.602514999999999930e+02 1.223362959999999999e+00 2.533776839999999850e-02 9.661599126623366729e+00
1.603180000000000121e+02 1.232257090000000055e+00 2.625833340000000016e-02 9.586288946606158490e+00
1.603241999999999905e+02 1.239540319999999918e+00 2.701808829999999967e-02 9.566397580932630262e+00
1.602476000000000056e+02 1.247641199999999895e+00 2.786489400000000116e-02 9.610978617410987468e+00
1.603006000000000029e+02 1.257890979999999992e+00 2.893135980000000052e-02 9.532050678453471093e+00
1.603178000000000054e+02 1.266212179999999909e+00 2.980433039999999881e-02 9.517478992166433116e+00
1.602449000000000012e+02 1.273510949999999919e+00 3.057121100000000091e-02 9.537261754374513956e+00
1.603084000000000060e+02 1.286040520000000020e+00 3.188496019999999959e-02 9.499412483248484307e+00
1.603137999999999863e+02 1.294867849999999931e+00 3.281421030000000044e-02 9.443651782186300636e+00
1.602410999999999888e+02 1.302183609999999936e+00 3.358888520000000155e-02 9.488655263549935270e+00
1.603194000000000017e+02 1.313154490000000063e+00 3.474509540000000202e-02 9.406614430518795089e+00
1.602801000000000045e+02 1.320413580000000087e+00 3.551679600000000325e-02 9.418082063589672259e+00
1.602718999999999880e+02 1.328754839999999993e+00 3.640246040000000294e-02 9.436079554830870464e+00
1.603512000000000057e+02 1.341191489999999931e+00 3.772044950000000285e-02 9.358362050819604150e+00
1.602706000000000017e+02 1.348433830000000055e+00 3.849433919999999815e-02 9.376500175086626143e+00
1.602413999999999987e+02 1.357270149999999953e+00 3.943672919999999943e-02 9.379542063685311959e+00
1.603120000000000118e+02 1.367448860000000099e+00 4.052193250000000330e-02 9.318968964840676605e+00
1.602335999999999956e+02 1.375516009999999900e+00 4.138760229999999957e-02 9.313483508000269140e+00
1.602256999999999891e+02 1.382770300000000008e+00 4.216650420000000316e-02 9.318489571378290037e+00
1.603254000000000019e+02 1.391112880000000107e+00 4.306177590000000166e-02 9.345583022094709591e+00
1.602358999999999867e+02 1.403554849999999909e+00 4.439309679999999675e-02 9.286681856328495854e+00
1.602373000000000047e+02 1.410852709999999899e+00 4.517893829999999888e-02 9.300312891087809675e+00
1.603154999999999859e+02 1.419713970000000103e+00 4.613172990000000140e-02 9.302943432173103488e+00
1.602643999999999949e+02 1.429886159999999906e+00 4.722516770000000086e-02 9.254847131667927940e+00
1.602974000000000103e+02 1.437930039999999909e+00 4.809432090000000104e-02 9.229474033258400212e+00
1.603345999999999947e+02 1.445233559999999917e+00 4.888564659999999895e-02 9.313554454933882454e+00
1.602727999999999895e+02 1.457992879999999936e+00 5.025561979999999818e-02 9.207625683401005290e+00
1.603125000000000000e+02 1.465998509999999921e+00 5.112507630000000247e-02 9.209895154344419410e+00
1.603679999999999950e+02 1.473277219999999943e+00 5.191539039999999716e-02 9.261598078286679581e+00
1.602589999999999861e+02 1.485106459999999906e+00 5.319262570000000273e-02 9.185328093408767103e+00
1.603081999999999994e+02 1.492398499999999961e+00 5.398650480000000140e-02 9.220948510788867125e+00
1.602915999999999883e+02 1.500410299999999975e+00 5.485537420000000108e-02 9.147843788899754358e+00
1.602803999999999860e+02 1.507686429999999911e+00 5.565076709999999816e-02 9.240595064400604741e+00
1.603492999999999995e+02 1.520457010000000109e+00 5.703277550000000057e-02 9.159857601345629874e+00
1.602323000000000093e+02 1.528421529999999917e+00 5.790227810000000280e-02 9.169538509678970328e+00
1.602667999999999893e+02 1.535671299999999961e+00 5.869291439999999721e-02 9.215122581525296397e+00
1.603302999999999940e+02 1.548911389999999999e+00 6.012969289999999661e-02 9.142100707574407181e+00
1.602648000000000081e+02 1.556140059999999936e+00 6.092039409999999711e-02 9.158014072170409747e+00
1.602983000000000118e+02 1.564140599999999992e+00 6.179400489999999774e-02 9.171882279892104251e+00
1.603665000000000020e+02 1.574318169999999961e+00 6.290365389999999501e-02 9.137079349204404011e+00
1.602286000000000001e+02 1.582642909999999903e+00 6.381474809999999886e-02 9.122252557150735797e+00
1.602736999999999910e+02 1.589893549999999989e+00 6.460957809999999524e-02 9.174538751328935149e+00
1.602954000000000008e+02 1.602257929999999941e+00 6.595726220000000528e-02 9.130471520112523720e+00
1.601800000000000068e+02 1.611097049999999919e+00 6.692535239999999885e-02 9.103008917219971963e+00
1.602254000000000076e+02 1.618335789999999941e+00 6.772055539999999318e-02 9.146529855396297037e+00
1.602640000000000100e+02 1.629271499999999984e+00 6.891616840000000521e-02 9.096309706997557143e+00
1.601785000000000139e+02 1.636550780000000094e+00 6.971641380000000165e-02 9.113726775956241255e+00
1.602196000000000140e+02 1.644889840000000047e+00 7.063141380000000080e-02 9.075252952247165439e+00
1.602637000000000000e+02 1.652201999999999948e+00 7.143713899999999672e-02 9.143179445797152027e+00
1.601776999999999873e+02 1.664633789999999891e+00 7.279681809999999365e-02 9.107179022599506624e+00
1.602366000000000099e+02 1.673424999999999940e+00 7.376212360000000690e-02 9.081846112393904491e+00
1.602685999999999922e+02 1.680705579999999921e+00 7.456378660000000103e-02 9.123564436524493004e+00
1.602101999999999862e+02 1.691628190000000087e+00 7.576097330000000629e-02 9.066056822855220076e+00
1.602747999999999990e+02 1.698865449999999999e+00 7.655925419999999593e-02 9.053137275412334262e+00
1.602027999999999963e+02 1.707165339999999976e+00 7.747605130000000118e-02 9.110991988464579805e+00
1.602016000000000133e+02 1.719503079999999962e+00 7.883021119999999993e-02 9.044616385783633916e+00
1.602703999999999951e+02 1.726738670000000031e+00 7.963019979999999554e-02 9.085729165543023456e+00
1.601984999999999957e+02 1.735583749999999981e+00 8.060371330000000445e-02 9.067633272822199331e+00
1.601989000000000090e+02 1.745732129999999938e+00 8.172290059999999523e-02 9.060785178809451779e+00
1.602834000000000003e+02 1.753760049999999904e+00 8.260890769999999772e-02 9.025990362713855575e+00
1.601802999999999884e+02 1.760978380000000065e+00 8.340863490000000047e-02 9.053834668822467791e+00
1.601715000000000089e+02 1.769310280000000013e+00 8.432889690000000549e-02 9.091017004870140639e+00
1.602463999999999942e+02 1.781793589999999927e+00 8.570204469999999353e-02 9.027200965120659504e+00
1.601530999999999949e+02 1.789069819999999922e+00 8.650807859999999627e-02 9.044489483810075114e+00
1.601433000000000106e+02 1.797842670000000087e+00 8.747804489999999600e-02 9.058223310192593303e+00
1.602225999999999999e+02 1.807947600000000099e+00 8.859359810000000390e-02 9.036826607445497928e+00
1.601924999999999955e+02 1.815958210000000017e+00 8.948003870000000026e-02 9.024245024962160855e+00
1.602219000000000051e+02 1.823219769999999906e+00 9.028471100000000360e-02 9.060654914630482892e+00
1.602709999999999866e+02 1.835875710000000050e+00 9.168151289999999787e-02 9.036257446901842627e+00
1.601992999999999938e+02 1.843901000000000012e+00 9.256963390000000347e-02 9.003475100731542113e+00
1.602439999999999998e+02 1.851163420000000004e+00 9.337625800000000365e-02 9.048664388935280911e+00
1.602608999999999924e+02 1.862904499999999963e+00 9.467380640000000458e-02 9.000411649095134692e+00
1.601596999999999866e+02 1.870115339999999904e+00 9.547497420000000679e-02 8.997173532181609090e+00
1.602369999999999948e+02 1.878123599999999893e+00 9.636506039999999385e-02 9.043167863561025754e+00
1.601786999999999921e+02 1.890779989999999966e+00 9.776461309999999461e-02 8.966115373037036207e+00
1.601399999999999864e+02 1.898038349999999985e+00 9.857414539999999337e-02 9.006244297384414565e+00
1.602138999999999953e+02 1.906070170000000008e+00 9.946595110000000517e-02 8.979079160045035479e+00
1.601518000000000086e+02 1.913342459999999967e+00 1.002758660000000052e-01 9.040162853073983484e+00
1.601376999999999953e+02 1.923689739999999926e+00 1.014204560000000060e-01 -5.218623481789090590e+01
1.602205999999999904e+02 1.923573729999999982e+00 1.014226790000000017e-01 -2.405640813056525440e-02
1.601629000000000076e+02 1.923573439999999968e+00 1.014347339999999986e-01 -3.453914384886209632e+01
1.601876000000000033e+02 1.923483880000000035e+00 1.014373269999999938e-01 -5.977554636739041527e+00
1.602639000000000067e+02 1.923443400000000025e+00 1.014440989999999959e-01 0.000000000000000000e+00
0.000000000000000000e+00 0.000000000000000000e+00 0.000000000000000000e+00 0.000000000000000000e+00
0.000000000000000000e+00 0.000000000000000000e+00 0.000000000000000000e+00 0.000000000000000000e+00
0.000000000000000000e+00 0.000000000000000000e+00 0.000000000000000000e+00 0.000000000000000000e+00
0.000000000000000000e+00 0.000000000000000000e+00 0.000000000000000000e+00 0.000000000000000000e+00
0.000000000000000000e+00 0.000000000000000000e+00 0.000000000000000000e+00 0.000000000000000000e+00
0.000000000000000000e+00 0.000000000000000000e+00 0.000000000000000000e+00 0.000000000000000000e+00
0.000000000000000000e+00 0.000000000000000000e+00 0.000000000000000000e+00 0.000000000000000000e+00
0.000000000000000000e+00 0.000000000000000000e+00 0.000000000000000000e+00 0.000000000000000000e+00
0.000000000000000000e+00 0.000000000000000000e+00 0.000000000000000000e+00 0.000000000000000000e+00
0.000000000000000000e+00 0.000000000000000000e+00 0.000000000000000000e+00 0.000000000000000000e+00
0.000000000000000000e+00 0.000000000000000000e+00 0.000000000000000000e+00 0.000000000000000000e+00
0.000000000000000000e+00 0.000000000000000000e+00 0.000000000000000000e+00 0.000000000000000000e+00
0.000000000000000000e+00 0.000000000000000000e+00 0.000000000000000000e+00 0.000000000000000000e+00
0.000000000000000000e+00 0.000000000000000000e+00 0.000000000000000000e+00 0.000000000000000000e+00
0.000000000000000000e+00 0.000000000000000000e+00 0.000000000000000000e+00 0.000000000000000000e+00
0.000000000000000000e+00 0.000000000000000000e+00 0.000000000000000000e+00 0.000000000000000000e+00
0.000000000000000000e+00 0.000000000000000000e+00 0.000000000000000000e+00 0.000000000000000000e+00
0.000000000000000000e+00 0.000000000000000000e+00 0.000000000000000000e+00 0.000000000000000000e+00
0.000000000000000000e+00 0.000000000000000000e+00 0.000000000000000000e+00 0.000000000000000000e+00
0.000000000000000000e+00 0.000000000000000000e+00 0.000000000000000000e+00 0.000000000000000000e+00
0.000000000000000000e+00 0.000000000000000000e+00 0.000000000000000000e+00 0.000000000000000000e+00
0.000000000000000000e+00 0.000000000000000000e+00 0.000000000000000000e+00 0.000000000000000000e+00
0.000000000000000000e+00 0.000000000000000000e+00 0.000000000000000000e+00 0.000000000000000000e+00
0.000000000000000000e+00 0.000000000000000000e+00 0.000000000000000000e+00 0.000000000000000000e+00
0.000000000000000000e+00 0.000000000000000000e+00 0.000000000000000000e+00 0.000000000000000000e+00
0.000000000000000000e+00 0.000000000000000000e+00 0.000000000000000000e+00 0.000000000000000000e+00
0.000000000000000000e+00 0.000000000000000000e+00 0.000000000000000000e+00 0.000000000000000000e+00
0.000000000000000000e+00 0.000000000000000000e+00 0.000000000000000000e+00 0.000000000000000000e+00
0.000000000000000000e+00 0.000000000000000000e+00 0.000000000000000000e+00 0.000000000000000000e+00
0.000000000000000000e+00 0.000000000000000000e+00 0.000000000000000000e+00 0.000000000000000000e+00
0.000000000000000000e+00 0.000000000000000000e+00 0.000000000000000000e+00 0.000000000000000000e+00
0.000000000000000000e+00 0.000000000000000000e+00 0.000000000000000000e+00 0.000000000000000000e+00
0.000000000000000000e+00 0.000000000000000000e+00 0.000000000000000000e+00 0.000000000000000000e+00
0.000000000000000000e+00 0.000000000000000000e+00 0.000000000000000000e+00 0.000000000000000000e+00
0.000000000000000000e+00 0.000000000000000000e+00 0.000000000000000000e+00 0.000000000000000000e+00
0.000000000000000000e+00 0.000000000000000000e+00 0.000000000000000000e+00 0.000000000000000000e+00
0.000000000000000000e+00 0.000000000000000000e+00 0.000000000000000000e+00 0.000000000000000000e+00
0.000000000000000000e+00 0.000000000000000000e+00 0.000000000000000000e+00 0.000000000000000000e+00
0.000000000000000000e+00 0.000000000000000000e+00 0.000000000000000000e+00 0.000000000000000000e+00
0.000000000000000000e+00 0.000000000000000000e+00 0.000000000000000000e+00 0.000000000000000000e+00
0.000000000000000000e+00 0.000000000000000000e+00 0.000000000000000000e+00 0.000000000000000000e+00
