1.698402000000000100e+02 5.052954339999999878e-01 1.123316690000000066e-07 5.624814235756190494e+06
1.698615000000000066e+02 4.971502979999999905e-01 1.108835969999999961e-07 -2.879683507809873670e+07
1.698318999999999903e+02 5.083872550000000379e-01 1.104933820000000048e-07 -2.239149041017709300e+06
1.699151999999999987e+02 5.173659649999999832e-01 1.064835059999999972e-07 1.545645734212422743e+06
1.699346999999999923e+02 5.254577110000000495e-01 1.117186939999999978e-07 -6.377676779055275954e+06
1.698841999999999928e+02 5.396683930000000240e-01 1.094905029999999946e-07 -2.180491619667100720e+06
1.699653000000000134e+02 5.486548879999999517e-01 1.053691869999999988e-07 6.784557882141561713e+05
1.700173000000000059e+02 5.567410069999999545e-01 1.172876040000000039e-07 -1.160707791330680950e+06
1.699791999999999916e+02 5.666315130000000311e-01 1.087665050000000015e-07 1.117025800984965404e+06
1.700816000000000088e+02 5.779543019999999753e-01 1.189030559999999941e-07 -1.422458012268596329e+06
1.700310000000000059e+02 5.869855689999999848e-01 1.125539989999999996e-07 -7.624287519409880973e+06
1.700259000000000071e+02 5.950528200000000378e-01 1.114959000000000025e-07 -1.015486219396483339e+07
1.701175000000000068e+02 6.091912619999999556e-01 1.101036170000000048e-07 1.883237483853470301e+06
1.700544999999999902e+02 6.181064800000000137e-01 1.148376019999999979e-07 1.715930058387477649e+06
1.700832000000000050e+02 6.262298010000000303e-01 1.195716650000000093e-07 -3.719576047021489590e+06
1.701345000000000027e+02 6.392806439999999535e-01 1.160629739999999968e-07 1.274765528424021788e+06
1.701026999999999987e+02 6.474458410000000219e-01 1.224682279999999885e-07 -8.780553038182028104e+05
1.701006999999999891e+02 6.563460079999999808e-01 1.123320019999999970e-07 1.791403459927967051e+06
1.701930000000000121e+02 6.705145439999999901e-01 1.202411840000000036e-07 -8.599842545116924448e+05
1.701491000000000042e+02 6.786089050000000400e-01 1.108289639999999945e-07 1.628818534218924819e+06
1.701604000000000099e+02 6.875904139999999831e-01 1.163430890000000035e-07 3.417375960389684886e+06
1.702312000000000012e+02 6.990090700000000101e-01 1.196844410000000131e-07 -1.157855046536450973e+06
1.701773000000000025e+02 7.089399140000000044e-01 1.111075089999999971e-07 9.667210223579001613e+05
1.702136000000000138e+02 7.170694800000000368e-01 1.195169319999999890e-07 2.228632213266137056e+06
1.702817000000000007e+02 7.260061570000000408e-01 1.235268699999999966e-07 -4.367288479134874418e+06
1.702270000000000039e+02 7.401149270000000335e-01 1.202963140000000081e-07 6.950374546153658303e+05
1.702557999999999936e+02 7.482051309999999678e-01 1.319362679999999905e-07 1.831062407327785622e+06
1.703248000000000104e+02 7.571791879999999475e-01 1.368372790000000026e-07 6.555270219182700384e+05
1.701954000000000065e+02 7.684968639999999462e-01 1.541022820000000030e-07 2.637082706108436105e+05
1.702560000000000002e+02 7.783370059999999979e-01 1.914167809999999991e-07 1.467651266072384315e+05
1.702775000000000034e+02 7.864536619999999978e-01 2.467204910000000093e-07 6.725684058425077819e+04
1.702384999999999877e+02 8.002830560000000482e-01 4.523411219999999797e-07 3.017028891556653616e+04
1.703172000000000139e+02 8.095380960000000403e-01 7.591011939999999517e-07 1.756321000542335605e+04
1.703053999999999917e+02 8.176861479999999460e-01 1.223028460000000092e-06 8.748923638851418218e+03
1.702764999999999986e+02 8.299577609999999606e-01 2.625671060000000172e-06 4.506142975467128053e+03
1.703352999999999895e+02 8.380058980000000268e-01 4.411707819999999613e-06 2.494828812993932843e+03
1.703130999999999915e+02 8.478554959999999863e-01 8.359713369999999776e-06 1.404056359470788948e+03
1.703059000000000083e+02 8.559408210000000183e-01 1.411826070000000016e-05 6.880646470113280202e+02
1.703711000000000126e+02 8.696061250000000076e-01 3.397875499999999753e-05 3.413627488598675086e+02
1.702904000000000053e+02 8.785864709999999800e-01 6.028609529999999982e-05 2.063333485666896081e+02
1.703266000000000133e+02 8.862672969999999539e-01 9.751142049999999553e-05 1.199290892668540494e+02
1.703772999999999911e+02 8.974138050000000089e-01 1.904539089999999872e-04 7.528894759703905493e+01
1.703068000000000097e+02 9.044195069999999559e-01 2.835047779999999963e-04 5.341596607807468189e+01
1.703328999999999951e+02 9.125921519999999898e-01 4.365048189999999736e-04 3.750724811159243188e+01
1.703926999999999907e+02 9.232709190000000232e-01 7.212169089999999469e-04 2.906304626188330431e+01
1.703110000000000070e+02 9.291641880000000020e-01 9.239922459999999919e-04 2.494887605435321376e+01
1.703383000000000038e+02 9.356285079999999699e-01 1.183094900000000076e-03 2.164256215220490276e+01
1.704096999999999866e+02 9.431150280000000219e-01 1.529011430000000058e-03 1.934831199824263592e+01
1.703389999999999986e+02 9.488206019999999574e-01 1.823898860000000045e-03 1.790744789107879953e+01
1.703713999999999942e+02 9.538288459999999525e-01 2.103572660000000132e-03 1.662303606137973588e+01
1.704412000000000091e+02 9.626751019999999492e-01 2.635741149999999873e-03 1.541888489075054380e+01
1.703776000000000010e+02 9.678444189999999558e-01 2.970999959999999843e-03 1.481253493515653297e+01
1.703842999999999961e+02 9.725049829999999895e-01 3.285636450000000135e-03 1.429671614740326113e+01
1.704689999999999941e+02 9.777437500000000226e-01 3.652067939999999874e-03 1.380948378125731679e+01
1.704018000000000086e+02 9.840423419999999588e-01 4.108174200000000095e-03 1.335549726136548365e+01
1.703705999999999960e+02 9.889530319999999541e-01 4.475864740000000050e-03 1.302199098321680815e+01
1.704421000000000106e+02 9.933339100000000421e-01 4.812286259999999649e-03 1.276549173221369848e+01
1.703588000000000022e+02 1.000500310000000059e+00 5.373674739999999804e-03 1.242599545332821265e+01
1.703504000000000076e+02 1.005249749999999942e+00 5.755892809999999665e-03 1.220679973758572068e+01
1.704180000000000064e+02 1.009461420000000054e+00 6.100919360000000083e-03 1.205754653140457577e+01
1.703620999999999981e+02 1.016020710000000049e+00 6.644918090000000166e-03 1.180012383464853265e+01
1.703500999999999976e+02 1.020222780000000107e+00 7.001021980000000054e-03 1.171052707641601742e+01
1.704387000000000114e+02 1.024801029999999891e+00 7.391973639999999644e-03 1.157481818341771174e+01
1.703727000000000089e+02 1.032328050000000053e+00 8.042266359999999600e-03 1.134191803830899481e+01
1.703575999999999908e+02 1.036413060000000108e+00 8.402435600000000837e-03 1.127024873799035554e+01
1.704364999999999952e+02 1.040974239999999940e+00 8.807145389999999907e-03 1.115726577152269883e+01
1.703575999999999908e+02 1.045026629999999956e+00 9.170351760000000629e-03 1.110727225922982164e+01
1.703299000000000092e+02 1.051319740000000058e+00 9.736927410000000352e-03 1.097062704653650123e+01
1.704055999999999926e+02 1.055370429999999971e+00 1.010615789999999917e-02 1.089806900591876015e+01
1.703481999999999914e+02 1.059812860000000079e+00 1.051379250000000071e-02 1.087631352939523133e+01
1.703148999999999944e+02 1.067141579999999923e+00 1.118761639999999932e-02 1.072381795505547153e+01
1.704000000000000057e+02 1.071126910000000043e+00 1.155924990000000048e-02 1.067060097339240343e+01
1.703498999999999910e+02 1.075506560000000000e+00 1.196969070000000052e-02 1.027932445436757369e+01
1.703560999999999979e+02 1.194134519999999977e+00 2.351013390000000064e-02 9.801366180380583160e+00
1.704302000000000135e+02 1.202507339999999925e+00 2.436438419999999855e-02 9.766113513624041786e+00
1.704191999999999894e+02 1.209819069999999996e+00 2.511306790000000094e-02 9.795163111059224548e+00
1.703622000000000014e+02 1.222311439999999916e+00 2.638842900000000144e-02 9.711643224106083494e+00
1.704249000000000080e+02 1.231197410000000048e+00 2.730341010000000151e-02 9.668949796032311639e+00
1.704185999999999979e+02 1.238452169999999963e+00 2.805372529999999864e-02 9.668936825553782199e+00
1.703548999999999864e+02 1.246526089999999920e+00 2.888876229999999892e-02 9.672360824339124363e+00
1.704238000000000000e+02 1.256741579999999914e+00 2.994491499999999903e-02 9.623357689798792691e+00
1.703649000000000058e+02 1.265094359999999973e+00 3.081288440000000059e-02 9.586058990243731870e+00
1.703694999999999879e+02 1.272396180000000099e+00 3.157459680000000019e-02 9.616769670608869447e+00
1.704239000000000033e+02 1.284835259999999924e+00 3.286807480000000087e-02 9.573310607143364237e+00
1.703352999999999895e+02 1.293718490000000054e+00 3.379599099999999745e-02 9.508172804849078119e+00
1.703745999999999867e+02 1.300991840000000010e+00 3.456094870000000346e-02 9.549541830115899188e+00
1.703873000000000104e+02 1.311936079999999949e+00 3.570699740000000261e-02 9.453022335827318656e+00
1.703496000000000095e+02 1.319213769999999952e+00 3.647687709999999917e-02 9.489034317739037050e+00
1.704030999999999949e+02 1.327594450000000093e+00 3.736007339999999899e-02 9.524924873736939190e+00
1.703905000000000030e+02 1.340021970000000007e+00 3.866481019999999658e-02 9.428428486257748986e+00
1.703454999999999870e+02 1.347317110000000095e+00 3.943854890000000196e-02 9.451157223598764645e+00
1.704002999999999872e+02 1.356208220000000075e+00 4.037929190000000279e-02 9.458017248303866253e+00
1.703736000000000104e+02 1.366405019999999970e+00 4.145740369999999925e-02 9.407333253040558674e+00
1.703223000000000127e+02 1.374442399999999953e+00 4.231177760000000287e-02 9.396952411305415254e+00
1.703854000000000042e+02 1.381683839999999996e+00 4.308239340000000195e-02 9.404447284927291761e+00
1.703317000000000121e+02 1.390024270000000062e+00 4.396925360000000088e-02 9.422041825967493622e+00
1.702883999999999958e+02 1.402412690000000017e+00 4.528408750000000038e-02 9.347490088031664257e+00
1.703443000000000040e+02 1.409701529999999980e+00 4.606385190000000102e-02 9.366622831218649026e+00
1.702915000000000134e+02 1.418537069999999956e+00 4.700715240000000184e-02 9.370465012767569490e+00
1.702329000000000008e+02 1.428724380000000016e+00 4.809432470000000320e-02 9.338531282495097230e+00
1.703034000000000106e+02 1.436777369999999943e+00 4.895666480000000070e-02 9.296690000029293799e+00
1.702821000000000140e+02 1.444090270000000009e+00 4.974327810000000322e-02 9.372980222011140228e+00
1.702246000000000095e+02 1.456867869999999954e+00 5.110651580000000194e-02 9.312004673068424054e+00
1.703071999999999946e+02 1.464921549999999906e+00 5.197138650000000110e-02 9.294940011279388514e+00
1.702527000000000044e+02 1.472254079999999909e+00 5.276025980000000060e-02 9.333043438775158407e+00
1.702090000000000032e+02 1.483990090000000039e+00 5.401772850000000070e-02 9.264964431100594311e+00
1.702766000000000020e+02 1.491287679999999893e+00 5.480538289999999785e-02 9.284323092199651128e+00
1.702958999999999889e+02 1.499297000000000102e+00 5.566805429999999860e-02 9.254127778467006848e+00
1.702081000000000017e+02 1.506546680000000027e+00 5.645145389999999680e-02 9.306182607463997059e+00
1.702678999999999974e+02 1.519248039999999911e+00 5.781628419999999824e-02 9.253400107003219688e+00
1.702966999999999871e+02 1.527307769999999953e+00 5.868728620000000090e-02 9.239948340553340245e+00
1.701872999999999934e+02 1.534631840000000080e+00 5.947993890000000117e-02 9.284355308422490793e+00
1.702384999999999877e+02 1.547913969999999972e+00 6.091053149999999666e-02 9.214451903486899909e+00
1.702848999999999933e+02 1.555125059999999948e+00 6.169311630000000324e-02 9.203071318010742630e+00
1.701646000000000072e+02 1.563125000000000098e+00 6.256238479999999547e-02 9.259825797549728676e+00
1.702038000000000011e+02 1.573319169999999989e+00 6.366328779999999576e-02 9.218672574498116390e+00
1.702624000000000137e+02 1.581631400000000021e+00 6.456496100000000404e-02 9.207765993516861869e+00
1.701925999999999988e+02 1.588895890000000088e+00 6.535391349999999933e-02 9.252179218556593199e+00
1.702555999999999869e+02 1.601251659999999966e+00 6.668935780000000146e-02 9.204330834715955589e+00
1.702612000000000023e+02 1.610054150000000073e+00 6.764570000000000305e-02 9.177486460607347851e+00
1.701855999999999938e+02 1.617336480000000076e+00 6.843919939999999758e-02 9.230509518323758655e+00
1.702305000000000064e+02 1.628206639999999927e+00 6.961683320000000563e-02 9.158340579039373708e+00
1.702641000000000133e+02 1.635456550000000009e+00 7.040845149999999664e-02 9.184239370517854439e+00
1.701904000000000110e+02 1.643808069999999955e+00 7.131778319999999838e-02 9.170400209883988296e+00
1.702435000000000116e+02 1.651064560000000014e+00 7.210907799999999312e-02 9.206697264770323130e+00
1.702906000000000120e+02 1.663419549999999969e+00 7.345103479999999518e-02 9.180726722371284509e+00
1.701965999999999894e+02 1.672214609999999935e+00 7.440902650000000285e-02 9.160026734728727860e+00
1.702225999999999999e+02 1.679472810000000038e+00 7.520140409999999387e-02 9.178754005497005153e+00
1.702612000000000023e+02 1.690377100000000077e+00 7.638939649999999804e-02 9.150072668841971790e+00
1.701957999999999913e+02 1.697651189999999977e+00 7.718437270000000350e-02 9.155407429862512103e+00
1.702206999999999937e+02 1.705962629999999924e+00 7.809219030000000283e-02 9.180981948225211298e+00
1.702992000000000132e+02 1.718323950000000044e+00 7.943859529999999780e-02 9.117846220713071048e+00
1.702233999999999980e+02 1.725561399999999912e+00 8.023236279999999832e-02 9.150457401983288719e+00
1.702527000000000044e+02 1.734417639999999983e+00 8.120020949999999516e-02 9.168158774926613575e+00
1.703200999999999965e+02 1.744585140000000090e+00 8.230921080000000445e-02 9.111443544434100872e+00
1.702096999999999980e+02 1.752584109999999917e+00 8.318711450000000618e-02 9.113847444379274521e+00
1.702066000000000088e+02 1.759815679999999993e+00 8.398058510000000476e-02 9.117033978912603587e+00
1.702620000000000005e+02 1.768149930000000092e+00 8.489472559999999834e-02 9.158748614079813777e+00
1.701997000000000071e+02 1.780508509999999989e+00 8.624409989999999582e-02 9.109164683680587515e+00
1.702117000000000075e+02 1.787752330000000001e+00 8.703932320000000444e-02 9.111193171253560763e+00
1.702891999999999939e+02 1.796499080000000026e+00 8.799932370000000670e-02 9.139660059970493577e+00
1.701924999999999955e+02 1.806658260000000071e+00 8.911087269999999616e-02 9.099307725796409230e+00
1.702120999999999924e+02 1.814671680000000009e+00 8.999153529999999457e-02 9.087053558865745728e+00
1.702755999999999972e+02 1.821937319999999971e+00 9.079109479999999954e-02 9.138170699608648917e+00
1.701799000000000035e+02 1.834605980000000081e+00 9.217744009999999377e-02 9.092253141661613469e+00
1.701882999999999981e+02 1.842600760000000060e+00 9.305673590000000661e-02 9.089525631821784302e+00
1.702507999999999981e+02 1.849851810000000096e+00 9.385447280000000503e-02 9.118056902502539529e+00
1.701989000000000090e+02 1.861585480000000015e+00 9.514133360000000261e-02 9.080163569674734703e+00
1.702247999999999877e+02 1.868834969999999984e+00 9.593972119999999437e-02 9.046316163055301729e+00
1.702643999999999949e+02 1.876823399999999920e+00 9.682278010000000545e-02 9.126417341677010242e+00
1.702353999999999985e+02 1.889504419999999962e+00 9.821226510000000132e-02 9.063565004563757910e+00
1.703093000000000075e+02 1.896770400000000079e+00 9.901393420000000056e-02 9.082232289526924518e+00
1.702531999999999925e+02 1.904788319999999979e+00 9.989674799999999355e-02 9.051660861492058174e+00
1.702570000000000050e+02 1.912051780000000090e+00 1.006991930000000063e-01 9.054033425939797652e+00
1.703169000000000040e+02 1.918872789999999995e+00 1.014525599999999972e-01 2.683070525038044352e+01
1.701846999999999923e+02 1.918717950000000005e+00 1.014467889999999956e-01 -1.302910602907046567e+01
1.701961000000000013e+02 1.918655280000000074e+00 1.014515990000000034e-01 1.158291956310061011e+02
1.702560000000000002e+02 1.918538639999999962e+00 1.014505920000000061e-01 0.000000000000000000e+00
0.000000000000000000e+00 0.000000000000000000e+00 0.000000000000000000e+00 0.000000000000000000e+00
0.000000000000000000e+00 0.000000000000000000e+00 0.000000000000000000e+00 0.000000000000000000e+00
0.000000000000000000e+00 0.000000000000000000e+00 0.000000000000000000e+00 0.000000000000000000e+00
0.000000000000000000e+00 0.000000000000000000e+00 0.000000000000000000e+00 0.000000000000000000e+00
0.000000000000000000e+00 0.000000000000000000e+00 0.000000000000000000e+00 0.000000000000000000e+00
0.000000000000000000e+00 0.000000000000000000e+00 0.000000000000000000e+00 0.000000000000000000e+00
0.000000000000000000e+00 0.000000000000000000e+00 0.000000000000000000e+00 0.000000000000000000e+00
0.000000000000000000e+00 0.000000000000000000e+00 0.000000000000000000e+00 0.000000000000000000e+00
0.000000000000000000e+00 0.000000000000000000e+00 0.000000000000000000e+00 0.000000000000000000e+00
0.000000000000000000e+00 0.000000000000000000e+00 0.000000000000000000e+00 0.000000000000000000e+00
0.000000000000000000e+00 0.000000000000000000e+00 0.000000000000000000e+00 0.000000000000000000e+00
0.000000000000000000e+00 0.000000000000000000e+00 0.000000000000000000e+00 0.000000000000000000e+00
0.000000000000000000e+00 0.000000000000000000e+00 0.000000000000000000e+00 0.000000000000000000e+00
0.000000000000000000e+00 0.000000000000000000e+00 0.000000000000000000e+00 0.000000000000000000e+00
0.000000000000000000e+00 0.000000000000000000e+00 0.000000000000000000e+00 0.000000000000000000e+00
0.000000000000000000e+00 0.000000000000000000e+00 0.000000000000000000e+00 0.000000000000000000e+00
0.000000000000000000e+00 0.000000000000000000e+00 0.000000000000000000e+00 0.000000000000000000e+00
0.000000000000000000e+00 0.000000000000000000e+00 0.000000000000000000e+00 0.000000000000000000e+00
0.000000000000000000e+00 0.000000000000000000e+00 0.000000000000000000e+00 0.000000000000000000e+00
0.000000000000000000e+00 0.000000000000000000e+00 0.000000000000000000e+00 0.000000000000000000e+00
0.000000000000000000e+00 0.000000000000000000e+00 0.000000000000000000e+00 0.000000000000000000e+00
0.000000000000000000e+00 0.000000000000000000e+00 0.000000000000000000e+00 0.000000000000000000e+00
0.000000000000000000e+00 0.000000000000000000e+00 0.000000000000000000e+00 0.000000000000000000e+00
0.000000000000000000e+00 0.000000000000000000e+00 0.000000000000000000e+00 0.000000000000000000e+00
0.000000000000000000e+00 0.000000000000000000e+00 0.000000000000000000e+00 0.000000000000000000e+00
0.000000000000000000e+00 0.000000000000000000e+00 0.000000000000000000e+00 0.000000000000000000e+00
0.000000000000000000e+00 0.000000000000000000e+00 0.000000000000000000e+00 0.000000000000000000e+00
0.000000000000000000e+00 0.000000000000000000e+00 0.000000000000000000e+00 0.000000000000000000e+00
0.000000000000000000e+00 0.000000000000000000e+00 0.000000000000000000e+00 0.000000000000000000e+00
0.000000000000000000e+00 0.000000000000000000e+00 0.000000000000000000e+00 0.000000000000000000e+00
0.000000000000000000e+00 0.000000000000000000e+00 0.000000000000000000e+00 0.000000000000000000e+00
0.000000000000000000e+00 0.000000000000000000e+00 0.000000000000000000e+00 0.000000000000000000e+00
0.000000000000000000e+00 0.000000000000000000e+00 0.000000000000000000e+00 0.000000000000000000e+00
0.000000000000000000e+00 0.000000000000000000e+00 0.000000000000000000e+00 0.000000000000000000e+00
0.000000000000000000e+00 0.000000000000000000e+00 0.000000000000000000e+00 0.000000000000000000e+00
0.000000000000000000e+00 0.000000000000000000e+00 0.000000000000000000e+00 0.000000000000000000e+00
0.000000000000000000e+00 0.000000000000000000e+00 0.000000000000000000e+00 0.000000000000000000e+00
0.000000000000000000e+00 0.000000000000000000e+00 0.000000000000000000e+00 0.000000000000000000e+00
0.000000000000000000e+00 0.000000000000000000e+00 0.000000000000000000e+00 0.000000000000000000e+00
0.000000000000000000e+00 0.000000000000000000e+00 0.000000000000000000e+00 0.000000000000000000e+00
0.000000000000000000e+00 0.000000000000000000e+00 0.000000000000000000e+00 0.000000000000000000e+00
0.000000000000000000e+00 0.000000000000000000e+00 0.000000000000000000e+00 0.000000000000000000e+00
