1.899113999999999862e+02 5.050222030000000029e-01 1.006347700000000003e-07 1.282753385912223719e+06
1.899933000000000050e+02 4.968779380000000190e-01 9.428572030000000318e-08 2.031663734390539816e+06
1.899679999999999893e+02 5.081935349999999740e-01 9.985534129999999445e-08 1.614559660225875676e+07
1.900348999999999933e+02 5.171855779999999791e-01 1.004122759999999948e-07 -3.618911423143060878e+06
1.901179999999999950e+02 5.252478369999999952e-01 9.818446270000000118e-08 -5.913735389022345655e+06
1.900408999999999935e+02 5.394101540000000305e-01 9.578964519999999886e-08 1.115598913939221995e+06
1.900766000000000133e+02 5.484195800000000176e-01 1.038655099999999945e-07 -2.556147419757350348e+06
1.901778999999999940e+02 5.565341390000000388e-01 1.006909830000000027e-07 1.478426625508818775e+06
1.901633999999999958e+02 5.664147819999999500e-01 1.073741979999999961e-07 -1.018668809885164201e+08
1.901588999999999885e+02 5.777585760000000237e-01 1.072628389999999973e-07 -9.476973287151557161e+05
1.902649999999999864e+02 5.867310319999999857e-01 9.779520019999999753e-08 1.909316215323164128e+06
1.902390000000000043e+02 5.948126019999999681e-01 1.020279040000000013e-07 1.720110741286005592e+06
1.902211000000000070e+02 6.089908469999999463e-01 1.102705390000000038e-07 -6.172274352470445447e+06
1.902972000000000037e+02 6.179261769999999654e-01 1.088228829999999936e-07 5.189279590206132270e+06
1.903352999999999895e+02 6.260184330000000408e-01 1.103823009999999954e-07 -3.575948189370185602e+06
1.903049000000000035e+02 6.391630750000000249e-01 1.067064530000000048e-07 2.418872513886273839e+06
1.903840999999999894e+02 6.472460060000000404e-01 1.100480640000000010e-07 -2.123063891863731667e+06
1.904061000000000092e+02 6.562342559999999603e-01 1.058144419999999990e-07 -3.635832645041487180e+06
1.903499999999999943e+02 6.704086949999999989e-01 1.019159019999999994e-07 2.379909633199782111e+06
1.904111000000000047e+02 6.784949329999999668e-01 1.053136100000000007e-07 1.163169350484273164e+06
1.904721000000000117e+02 6.874995619999999530e-01 1.130550700000000047e-07 -6.382764375084876083e+06
1.904140999999999906e+02 6.988745800000000230e-01 1.112729239999999955e-07 1.183083070007123053e+06
1.904559000000000140e+02 7.086921889999999724e-01 1.195712500000000127e-07 4.104230577762339963e+05
1.905391999999999939e+02 7.167610229999999971e-01 1.392310469999999963e-07 4.336193713620839408e+05
1.905016999999999996e+02 7.256964369999999720e-01 1.598376309999999899e-07 2.066168722259963397e+05
1.905064999999999884e+02 7.399078430000000095e-01 2.286190710000000100e-07 8.879709854678489501e+04
1.905786999999999978e+02 7.480084479999999925e-01 3.198450809999999924e-07 5.807985185322912730e+04
1.905538999999999987e+02 7.569620120000000174e-01 4.740046340000000108e-07 3.118686961025763958e+04
1.905074999999999932e+02 7.682883630000000297e-01 8.371815459999999796e-07 1.667299191492166210e+04
1.905722000000000094e+02 7.780978480000000364e-01 1.425527360000000092e-06 9.504098671265046505e+03
1.905499000000000080e+02 7.862239359999999566e-01 2.280536159999999899e-06 4.858394629795234323e+03
1.905345000000000084e+02 8.000573949999999490e-01 5.127867440000000115e-06 2.470983973357329432e+03
1.906074999999999875e+02 8.094126529999999820e-01 8.913913039999999346e-06 1.483531843270491436e+03
1.905909000000000049e+02 8.174907160000000061e-01 1.435906949999999935e-05 8.204769589033653574e+02
1.905251000000000090e+02 8.295521609999999546e-01 2.905959810000000157e-05 4.646221068354809631e+02
1.905800999999999874e+02 8.374330500000000121e-01 4.602153099999999785e-05 2.845828296020541188e+02
1.906300999999999988e+02 8.468782320000000086e-01 7.921110190000000520e-05 1.795615584314106172e+02
1.905452999999999975e+02 8.545037300000000169e-01 1.216784209999999944e-04 1.080273227229805855e+02
1.905566000000000031e+02 8.670433610000000124e-01 2.377567490000000075e-04 6.829783044873140341e+01
1.906002000000000010e+02 8.750427950000000399e-01 3.548824899999999884e-04 5.120375371483907401e+01
1.905972999999999900e+02 8.816877520000000468e-01 4.846572920000000173e-04 3.910037506512544070e+01
1.905639999999999930e+02 8.911830939999999535e-01 7.275025840000000398e-04 3.117911304243163428e+01
1.906545000000000130e+02 8.971765560000000139e-01 9.197294119999999693e-04 2.683151958479031052e+01
1.905910000000000082e+02 9.041238059999999743e-01 1.178650640000000098e-03 2.289766062919780865e+01
1.905709999999999980e+02 9.134398169999999872e-01 1.585504910000000000e-03 2.032639539352074110e+01
1.906496999999999957e+02 9.187091979999999491e-01 1.844743249999999902e-03 1.880889646477316290e+01
1.905980000000000132e+02 9.245843369999999783e-01 2.157102829999999870e-03 1.754738230475704341e+01
1.905817000000000121e+02 9.315382229999999986e-01 2.553394760000000062e-03 1.644010586872560964e+01
1.906562000000000126e+02 9.368886279999999456e-01 2.878843089999999928e-03 1.571206154167556868e+01
1.906354000000000042e+02 9.416418439999999501e-01 3.181363290000000128e-03 1.507622935304648770e+01
1.905762000000000000e+02 9.501316250000000352e-01 3.744486919999999788e-03 1.431325599085763400e+01
1.906414000000000044e+02 9.552261100000000171e-01 4.100414670000000067e-03 1.392346396538248321e+01
1.906732000000000085e+02 9.597131759999999456e-01 4.422681169999999676e-03 1.362183845436268470e+01
1.906085999999999956e+02 9.648592719999999900e-01 4.800463950000000146e-03 1.329346720299803053e+01
1.906362000000000023e+02 9.710244559999999803e-01 5.264239419999999607e-03 1.295521178789494243e+01
1.906767999999999859e+02 9.758559709999999887e-01 5.637179289999999683e-03 1.271536959837985314e+01
1.906252000000000066e+02 9.801825079999999524e-01 5.977439709999999955e-03 1.257333179732203732e+01
1.906614999999999895e+02 9.872353090000000053e-01 6.538373049999999902e-03 1.226687385807245434e+01
1.907274999999999920e+02 9.919453839999999856e-01 6.922340069999999637e-03 1.208213337044362490e+01
1.906524000000000001e+02 9.961648220000000054e-01 7.271569620000000421e-03 1.200854135355408125e+01
1.906801000000000101e+02 1.002683329999999984e+00 7.814392249999999734e-03 1.176849765917381774e+01
1.907318999999999960e+02 1.006858339999999963e+00 8.169153760000000611e-03 1.168071098049498957e+01
1.906680000000000064e+02 1.011467560000000043e+00 8.563754740000000323e-03 1.162382384564562976e+01
1.906705000000000041e+02 1.019025129999999946e+00 9.213934070000000601e-03 1.138714010187922732e+01
1.907443000000000097e+02 1.023115369999999968e+00 9.573132249999999691e-03 1.132936580123194226e+01
1.906651999999999987e+02 1.027643120000000021e+00 9.972779509999999889e-03 1.119232848199318298e+01
1.906564999999999941e+02 1.031732789999999955e+00 1.033817889999999982e-02 1.118678754769801920e+01
1.907173999999999978e+02 1.038032059999999923e+00 1.090127800000000036e-02 1.102696400482198769e+01
1.906416000000000111e+02 1.042076219999999998e+00 1.126802990000000046e-02 1.100432796327550200e+01
1.906091000000000122e+02 1.046551470000000039e+00 1.167471079999999987e-02 1.057902585347051350e+01
1.906714000000000055e+02 1.165685550000000070e+00 2.293605770000000169e-02 1.003411321651035237e+01
1.906753999999999962e+02 1.172985259999999919e+00 2.366354700000000005e-02 1.002040636141268592e+01
1.906175000000000068e+02 1.181043279999999918e+00 2.446770800000000121e-02 1.000365672539278528e+01
1.906448000000000036e+02 1.191274750000000049e+00 2.549048099999999886e-02 9.958055818898280620e+00
1.907038000000000011e+02 1.199700980000000028e+00 2.633665320000000074e-02 9.902623387029546365e+00
1.906065999999999860e+02 1.207019800000000087e+00 2.707573209999999952e-02 9.923789453028938112e+00
1.906256999999999948e+02 1.219501340000000100e+00 2.833347140000000083e-02 9.844157585137576660e+00
1.906853999999999871e+02 1.228386779999999900e+00 2.923608189999999871e-02 9.803777153696056956e+00
1.906236000000000104e+02 1.235734459999999979e+00 2.998555630000000055e-02 9.835212688664745073e+00
1.905766999999999882e+02 1.243772620000000106e+00 3.080284009999999933e-02 9.810369558591361283e+00
1.906440000000000055e+02 1.253959849999999987e+00 3.184125460000000046e-02 9.766695570786865233e+00
1.906413000000000011e+02 1.262331880000000073e+00 3.269845650000000048e-02 9.718342625625098208e+00
1.905612000000000137e+02 1.269592169999999909e+00 3.344552729999999974e-02 9.776935720420597775e+00
1.905902000000000100e+02 1.282050270000000047e+00 3.471976090000000043e-02 9.708723330531720208e+00
1.906436999999999955e+02 1.290870750000000067e+00 3.562827169999999849e-02 9.644164011337457154e+00
1.905213999999999999e+02 1.298213449999999991e+00 3.638963370000000003e-02 9.724955341237331297e+00
1.905283000000000015e+02 1.309229999999999894e+00 3.752244610000000230e-02 9.629221188950230825e+00
1.905879999999999939e+02 1.316465079999999954e+00 3.827381319999999948e-02 9.656333829966595061e+00
1.905197000000000003e+02 1.324820639999999994e+00 3.913910639999999830e-02 9.661262530015809702e+00
1.904769000000000005e+02 1.337215550000000031e+00 4.042205570000000081e-02 9.600448465666486797e+00
1.905465000000000089e+02 1.344461499999999976e+00 4.117680690000000143e-02 9.593711482718202177e+00
1.905987000000000080e+02 1.353337149999999989e+00 4.210195979999999810e-02 9.611008704093238819e+00
1.905280999999999949e+02 1.363523119999999977e+00 4.316178300000000218e-02 9.565393420320154050e+00
1.905373999999999910e+02 1.371555969999999958e+00 4.400156549999999916e-02 9.549701616637891632e+00
1.906133000000000095e+02 1.378814659999999970e+00 4.476166150000000094e-02 9.542975649925152126e+00
1.905593000000000075e+02 1.387218880000000043e+00 4.564233229999999780e-02 9.567731938131792901e+00
1.904976000000000056e+02 1.399620709999999990e+00 4.693854649999999740e-02 9.488481329847449075e+00
1.905557000000000016e+02 1.406954250000000073e+00 4.771143519999999916e-02 9.531398518267739206e+00
1.905696000000000083e+02 1.415755469999999905e+00 4.863482749999999827e-02 9.530004367961435463e+00
1.905124999999999886e+02 1.425918280000000093e+00 4.970122889999999821e-02 9.496151616622022118e+00
1.905278000000000134e+02 1.433930600000000055e+00 5.054497279999999731e-02 9.464014429423755814e+00
1.905546999999999969e+02 1.441196209999999978e+00 5.131268189999999702e-02 9.507560158114850779e+00
1.904577999999999918e+02 1.453912180000000109e+00 5.265014070000000046e-02 9.477404105768979292e+00
1.904579999999999984e+02 1.461941649999999981e+00 5.349736320000000184e-02 9.427296305755289652e+00
1.905389000000000124e+02 1.469198860000000106e+00 5.426717140000000134e-02 9.487746728849295152e+00
1.904846000000000004e+02 1.480989909999999909e+00 5.550993750000000199e-02 9.427387438135678366e+00
1.904474999999999909e+02 1.488246600000000086e+00 5.627968309999999835e-02 9.416234698723659591e+00
1.905084999999999980e+02 1.496300039999999942e+00 5.713495489999999982e-02 9.431608061866759485e+00
1.905371000000000095e+02 1.503582409999999925e+00 5.790707879999999752e-02 9.465451228191202659e+00
1.904727000000000032e+02 1.516324100000000064e+00 5.925320480000000056e-02 9.403250946076077810e+00
1.905078000000000031e+02 1.524347279999999971e+00 6.010643949999999736e-02 9.390341287931757819e+00
1.905531000000000006e+02 1.531614390000000103e+00 6.088033150000000254e-02 9.437812137336628382e+00
1.904437000000000069e+02 1.544801859999999971e+00 6.227763310000000024e-02 9.371690563391714690e+00
1.904663999999999930e+02 1.552045979999999936e+00 6.305061210000000027e-02 9.387341059612333893e+00
1.905167999999999893e+02 1.560050729999999941e+00 6.390332960000000284e-02 9.390649753366695052e+00
1.904490999999999872e+02 1.570233219999999985e+00 6.498765180000000419e-02 9.381987546839258840e+00
1.904405999999999892e+02 1.578557790000000072e+00 6.587494459999999885e-02 9.354064771413840518e+00
1.905147000000000048e+02 1.585814260000000031e+00 6.665070039999999862e-02 9.397115787568319334e+00
1.904448999999999899e+02 1.598169710000000077e+00 6.796551339999999664e-02 9.352466598900363692e+00
1.904131999999999891e+02 1.607007920000000034e+00 6.891052720000000187e-02 9.354705874367361673e+00
1.904559999999999889e+02 1.614243349999999966e+00 6.968398069999999500e-02 9.359382640542266429e+00
1.904879999999999995e+02 1.625158920000000062e+00 7.085025100000000298e-02 9.331013643014038905e+00
1.904065999999999974e+02 1.632393030000000023e+00 7.162552690000000000e-02 9.325620256222574511e+00
1.904281000000000006e+02 1.640730749999999905e+00 7.251959289999999891e-02 9.319527785167073475e+00
1.904628999999999905e+02 1.647993279999999894e+00 7.329887379999999730e-02 9.366884809270322521e+00
1.903865000000000123e+02 1.660329589999999911e+00 7.461588689999999746e-02 9.314091316145931998e+00
1.903985000000000127e+02 1.669167110000000065e+00 7.556472020000000456e-02 9.321024273800766480e+00
1.904721000000000117e+02 1.676416710000000032e+00 7.634248879999999682e-02 9.316994822029368351e+00
1.904334000000000060e+02 1.687311250000000040e+00 7.751180789999999321e-02 9.314945832143113336e+00
1.903739999999999952e+02 1.694586979999999965e+00 7.829288919999999319e-02 9.289222666222510583e+00
1.904117999999999995e+02 1.702894970000000008e+00 7.918725790000000209e-02 9.339994871872216109e+00
1.904373999999999967e+02 1.715279989999999977e+00 8.051327789999999929e-02 9.284592912068912796e+00
1.903480999999999881e+02 1.722523510000000035e+00 8.129344350000000663e-02 9.299080318925891930e+00
1.903618999999999915e+02 1.731384360000000067e+00 8.224631729999999641e-02 9.309823011648033386e+00
1.904390999999999963e+02 1.741512010000000110e+00 8.333416289999999449e-02 9.261817248049167617e+00
1.903737000000000137e+02 1.749501109999999970e+00 8.419674739999999380e-02 9.266910712654890858e+00
1.903471000000000117e+02 1.756806920000000050e+00 8.498512340000000109e-02 9.301013205676538220e+00
1.903789999999999907e+02 1.765229099999999995e+00 8.589063550000000657e-02 9.296687261891799281e+00
1.904019999999999868e+02 1.777593100000000037e+00 8.722057160000000475e-02 9.244721978948639673e+00
1.902959999999999923e+02 1.784889359999999980e+00 8.800980680000000667e-02 9.300501912091737822e+00
1.903257000000000119e+02 1.793631509999999984e+00 8.894977219999999907e-02 9.256736914362910795e+00
1.903856000000000108e+02 1.803718280000000007e+00 9.003944020000000104e-02 9.245200214823396934e+00
1.902997000000000014e+02 1.811664500000000011e+00 9.089893699999999910e-02 9.234712691669360041e+00
1.903091000000000008e+02 1.818879340000000067e+00 9.168021090000000317e-02 9.291469133608542208e+00
1.903851999999999975e+02 1.831537729999999975e+00 9.304257779999999811e-02 9.236561856673766613e+00
1.903019999999999925e+02 1.839565370000000089e+00 9.391169339999999588e-02 9.238007554416956424e+00
1.902857999999999947e+02 1.846799819999999981e+00 9.469481139999999519e-02 9.273132070302052554e+00
1.903452000000000055e+02 1.858510010000000046e+00 9.595761989999999908e-02 9.227278221555025084e+00
1.903711999999999875e+02 1.865769739999999954e+00 9.674438820000000328e-02 9.221261798035596868e+00
1.902834000000000003e+02 1.873753809999999964e+00 9.761022090000000262e-02 9.272686924266269060e+00
1.903237000000000023e+02 1.886372750000000043e+00 9.897109290000000170e-02 9.221066611042310512e+00
1.903589000000000055e+02 1.893604910000000086e+00 9.975540130000000449e-02 9.211747673130540548e+00
1.902624999999999886e+02 1.901622490000000054e+00 1.006257660000000054e-01 9.215990581861145614e+00
1.902649999999999864e+02 1.908902799999999900e+00 1.014157309999999951e-01 6.190119760479993793e+00
1.903411999999999864e+02 1.909084739999999947e+00 1.014451229999999982e-01 -7.716139497157845639e+00
1.902458000000000027e+02 1.909037169999999950e+00 1.014512880000000006e-01 -2.599892876261744235e+01
1.902283999999999935e+02 1.908988630000000075e+00 1.014531550000000032e-01 -6.016865776535183130e+01
1.902898000000000138e+02 1.908903009999999956e+00 1.014545780000000036e-01 0.000000000000000000e+00
0.000000000000000000e+00 0.000000000000000000e+00 0.000000000000000000e+00 0.000000000000000000e+00
0.000000000000000000e+00 0.000000000000000000e+00 0.000000000000000000e+00 0.000000000000000000e+00
0.000000000000000000e+00 0.000000000000000000e+00 0.000000000000000000e+00 0.000000000000000000e+00
0.000000000000000000e+00 0.000000000000000000e+00 0.000000000000000000e+00 0.000000000000000000e+00
0.000000000000000000e+00 0.000000000000000000e+00 0.000000000000000000e+00 0.000000000000000000e+00
0.000000000000000000e+00 0.000000000000000000e+00 0.000000000000000000e+00 0.000000000000000000e+00
0.000000000000000000e+00 0.000000000000000000e+00 0.000000000000000000e+00 0.000000000000000000e+00
0.000000000000000000e+00 0.000000000000000000e+00 0.000000000000000000e+00 0.000000000000000000e+00
0.000000000000000000e+00 0.000000000000000000e+00 0.000000000000000000e+00 0.000000000000000000e+00
0.000000000000000000e+00 0.000000000000000000e+00 0.000000000000000000e+00 0.000000000000000000e+00
0.000000000000000000e+00 0.000000000000000000e+00 0.000000000000000000e+00 0.000000000000000000e+00
0.000000000000000000e+00 0.000000000000000000e+00 0.000000000000000000e+00 0.000000000000000000e+00
0.000000000000000000e+00 0.000000000000000000e+00 0.000000000000000000e+00 0.000000000000000000e+00
0.000000000000000000e+00 0.000000000000000000e+00 0.000000000000000000e+00 0.000000000000000000e+00
0.000000000000000000e+00 0.000000000000000000e+00 0.000000000000000000e+00 0.000000000000000000e+00
0.000000000000000000e+00 0.000000000000000000e+00 0.000000000000000000e+00 0.000000000000000000e+00
0.000000000000000000e+00 0.000000000000000000e+00 0.000000000000000000e+00 0.000000000000000000e+00
0.000000000000000000e+00 0.000000000000000000e+00 0.000000000000000000e+00 0.000000000000000000e+00
0.000000000000000000e+00 0.000000000000000000e+00 0.000000000000000000e+00 0.000000000000000000e+00
0.000000000000000000e+00 0.000000000000000000e+00 0.000000000000000000e+00 0.000000000000000000e+00
0.000000000000000000e+00 0.000000000000000000e+00 0.000000000000000000e+00 0.000000000000000000e+00
0.000000000000000000e+00 0.000000000000000000e+00 0.000000000000000000e+00 0.000000000000000000e+00
0.000000000000000000e+00 0.000000000000000000e+00 0.000000000000000000e+00 0.000000000000000000e+00
0.000000000000000000e+00 0.000000000000000000e+00 0.000000000000000000e+00 0.000000000000000000e+00
0.000000000000000000e+00 0.000000000000000000e+00 0.000000000000000000e+00 0.000000000000000000e+00
0.000000000000000000e+00 0.000000000000000000e+00 0.000000000000000000e+00 0.000000000000000000e+00
0.000000000000000000e+00 0.000000000000000000e+00 0.000000000000000000e+00 0.000000000000000000e+00
0.000000000000000000e+00 0.000000000000000000e+00 0.000000000000000000e+00 0.000000000000000000e+00
0.000000000000000000e+00 0.000000000000000000e+00 0.000000000000000000e+00 0.000000000000000000e+00
0.000000000000000000e+00 0.000000000000000000e+00 0.000000000000000000e+00 0.000000000000000000e+00
0.000000000000000000e+00 0.000000000000000000e+00 0.000000000000000000e+00 0.000000000000000000e+00
0.000000000000000000e+00 0.000000000000000000e+00 0.000000000000000000e+00 0.000000000000000000e+00
0.000000000000000000e+00 0.000000000000000000e+00 0.000000000000000000e+00 0.000000000000000000e+00
0.000000000000000000e+00 0.000000000000000000e+00 0.000000000000000000e+00 0.000000000000000000e+00
0.000000000000000000e+00 0.000000000000000000e+00 0.000000000000000000e+00 0.000000000000000000e+00
0.000000000000000000e+00 0.000000000000000000e+00 0.000000000000000000e+00 0.000000000000000000e+00
0.000000000000000000e+00 0.000000000000000000e+00 0.000000000000000000e+00 0.000000000000000000e+00
0.000000000000000000e+00 0.000000000000000000e+00 0.000000000000000000e+00 0.000000000000000000e+00
0.000000000000000000e+00 0.000000000000000000e+00 0.000000000000000000e+00 0.000000000000000000e+00
0.000000000000000000e+00 0.000000000000000000e+00 0.000000000000000000e+00 0.000000000000000000e+00
0.000000000000000000e+00 0.000000000000000000e+00 0.000000000000000000e+00 0.000000000000000000e+00
0.000000000000000000e+00 0.000000000000000000e+00 0.000000000000000000e+00 0.000000000000000000e+00
