1.900519999999999925e+02 5.050046660000000465e-01 3.976269850000000160e-08 1.274840692158968188e+06
1.900561999999999898e+02 4.969096660000000276e-01 3.341288549999999773e-08 9.228759853457441553e+06
1.901390000000000100e+02 5.082172520000000082e-01 3.463814069999999906e-08 3.215390696005454753e+06
1.900871999999999957e+02 5.171717540000000390e-01 3.742302839999999945e-08 -1.238119678534471197e+06
1.900431000000000097e+02 5.252395060000000226e-01 3.090689580000000326e-08 5.082802974959233776e+06
1.900920000000000130e+02 5.393961689999999809e-01 3.369210370000000315e-08 2.458115969749587588e+06
1.901365000000000123e+02 5.482944789999999458e-01 3.731207530000000269e-08 -3.727358787767391186e+06
1.900444999999999993e+02 5.563908640000000405e-01 3.513992460000000144e-08 1.867236208979387768e+06
1.900674999999999955e+02 5.662716509999999870e-01 4.043158880000000227e-08 2.584649604428864084e+06
1.901163999999999987e+02 5.776435669999999689e-01 4.483137899999999795e-08 5.367865843958897144e+07
1.900638999999999896e+02 5.866197229999999818e-01 4.499859920000000274e-08 -1.818260536277906736e+06
1.900212999999999965e+02 5.947209549999999956e-01 4.054311449999999958e-08 2.612621029952824116e+06
1.900859000000000094e+02 6.088337120000000269e-01 4.594487650000000081e-08 -5.019087164775250480e+06
1.901282999999999959e+02 6.177786910000000464e-01 4.416268409999999671e-08 -3.715878853861056268e+06
1.900870999999999924e+02 6.258500150000000373e-01 4.199056699999999955e-08 -6.521694480435620062e+06
1.901131000000000029e+02 6.389257919999999924e-01 3.998560080000000329e-08 1.204926608157064300e+06
1.900971000000000117e+02 6.470458970000000365e-01 4.672468760000000283e-08 5.878412482437288854e+05
1.900310000000000059e+02 6.559835889999999781e-01 6.192894899999999850e-08 -9.092503956558657810e+06
1.900800000000000125e+02 6.701627669999999926e-01 6.036951299999999756e-08 -1.465143634328704774e+08
1.900653000000000077e+02 6.783175660000000384e-01 6.031385430000000480e-08 1.109048935530141462e+06
1.899833999999999889e+02 6.872737570000000407e-01 6.838941410000000575e-08 1.554768161862620385e+06
1.900181000000000040e+02 6.986174290000000120e-01 7.568546780000000595e-08 3.942703273961553932e+05
1.900682999999999936e+02 7.085206259999999867e-01 1.008032519999999937e-07 2.216875411906883528e+05
1.900055000000000121e+02 7.165952810000000284e-01 1.372268370000000061e-07 1.701185377331415366e+05
1.900168999999999926e+02 7.255107880000000176e-01 1.896344529999999914e-07 8.033542942814022535e+04
1.900918000000000063e+02 7.396849680000000538e-01 3.660719239999999863e-07 4.888924435729646211e+04
1.900790000000000077e+02 7.477744539999999773e-01 5.315374800000000243e-07 2.693368600235176564e+04
1.900182000000000073e+02 7.567461730000000220e-01 8.646414970000000226e-07 1.519324334186414490e+04
1.900566000000000031e+02 7.680695629999999552e-01 1.609932659999999925e-06 8.400278965027366212e+03
1.900846999999999980e+02 7.778689490000000317e-01 2.776487490000000162e-06 5.047356201802750547e+03
1.899850000000000136e+02 7.859546499999999769e-01 4.378455070000000374e-06 2.669202709695993235e+03
1.900169999999999959e+02 7.997286390000000189e-01 9.538793380000000176e-06 1.428884468769129626e+03
1.900754000000000019e+02 8.089390979999999676e-01 1.598470220000000166e-05 8.870764527670094139e+02
1.900234000000000094e+02 8.169795650000000187e-01 2.504870900000000087e-05 5.048748435287133702e+02
1.899840000000000089e+02 8.289024040000000371e-01 4.866414390000000262e-05 3.011912636316955059e+02
1.900577000000000112e+02 8.367171589999999881e-01 7.461029820000000400e-05 1.925017839941864679e+02
1.900226999999999862e+02 8.460534720000000286e-01 1.231101760000000069e-04 1.278913749882573967e+02
1.899500999999999920e+02 8.535239239999999894e-01 1.815226530000000075e-04 8.163387900459487412e+01
1.899769000000000005e+02 8.657300260000000414e-01 3.310451569999999953e-04 5.566639087279425269e+01
1.900339999999999918e+02 8.735115180000000423e-01 4.708331310000000015e-04 4.385117301513188437e+01
1.899431999999999903e+02 8.799823909999999749e-01 6.183975529999999809e-04 3.477481438001704817e+01
1.899521000000000015e+02 8.892340389999999761e-01 8.844420499999999493e-04 2.904343413603807278e+01
1.900193999999999903e+02 8.951213040000000065e-01 1.087147589999999924e-03 2.543559719256273155e+01
1.899841000000000122e+02 9.019773540000000089e-01 1.356693059999999939e-03 2.209658044373827579e+01
1.899317000000000064e+02 9.111711959999999610e-01 1.772768390000000046e-03 1.999488195880517338e+01
1.899915000000000020e+02 9.163898259999999629e-01 2.033766680000000104e-03 1.867172512694591191e+01
1.900313999999999908e+02 9.222866210000000287e-01 2.349580830000000137e-03 1.745290833631710825e+01
1.899574000000000069e+02 9.292425859999999815e-01 2.748137040000000163e-03 1.650995989544356490e+01
1.899781000000000120e+02 9.345960629999999769e-01 3.072394459999999890e-03 1.590253743251550311e+01
1.900668000000000006e+02 9.393918129999999644e-01 3.373965830000000190e-03 1.511959624311164418e+01
1.899763000000000090e+02 9.479115179999999530e-01 3.937453429999999630e-03 1.453308395274352627e+01
1.899535999999999945e+02 9.529938700000000207e-01 4.287162550000000148e-03 1.418968019733784303e+01
1.899727000000000032e+02 9.575321959999999466e-01 4.606995410000000110e-03 1.382388494881142904e+01
1.900166000000000111e+02 9.627414290000000374e-01 4.983823850000000145e-03 1.348722366121666560e+01
1.899360000000000070e+02 9.689813900000000535e-01 5.446481040000000252e-03 1.319039178272488222e+01
1.899526999999999930e+02 9.738589460000000031e-01 5.816262019999999915e-03 1.297830152997281239e+01
1.900253999999999905e+02 9.782338990000000178e-01 6.153359520000000263e-03 1.272153231364834447e+01
1.899784999999999968e+02 9.853578870000000434e-01 6.713354010000000330e-03 1.250700752170003227e+01
1.899567999999999870e+02 9.900820230000000333e-01 7.091073140000000129e-03 1.235573885202717470e+01
1.900193999999999903e+02 9.943354089999999479e-01 7.435316899999999847e-03 1.216834567617179630e+01
1.900614999999999952e+02 1.000893040000000012e+00 7.974225899999999589e-03 1.202027843508968985e+01
1.899810999999999979e+02 1.005085240000000102e+00 8.322986540000000544e-03 1.190431261912920746e+01
1.900028000000000077e+02 1.009703129999999893e+00 8.710903940000000456e-03 1.175558456470982982e+01
1.900583000000000027e+02 1.017258549999999984e+00 9.353612940000000445e-03 1.160610315847098128e+01
1.899722999999999900e+02 1.021398210000000084e+00 9.710292520000000233e-03 1.153530139427849655e+01
1.899774999999999920e+02 1.025965790000000100e+00 1.010625790000000031e-02 1.144532772192296832e+01
1.900494999999999948e+02 1.030077729999999914e+00 1.046552589999999970e-02 1.135554878899080755e+01
1.900092999999999961e+02 1.036421269999999950e+00 1.102415500000000076e-02 1.126070063371157914e+01
1.899371999999999900e+02 1.040505400000000025e+00 1.138684379999999920e-02 1.119022248175057932e+01
1.899884999999999877e+02 1.045001120000000006e+00 1.178859810000000043e-02 1.059701491615459190e+01
1.900388000000000090e+02 1.165101579999999970e+00 2.312202179999999982e-02 1.012086160918015665e+01
1.899604999999999961e+02 1.172400880000000090e+00 2.384323509999999868e-02 1.010247391956015939e+01
1.899701000000000022e+02 1.180492309999999989e+00 2.464417060000000104e-02 1.007554696117448145e+01
1.900492000000000132e+02 1.190777650000000021e+00 2.566499259999999866e-02 1.003278185709957881e+01
1.900014999999999930e+02 1.199216889999999980e+00 2.650615909999999922e-02 9.982112745575117074e+00
1.899719000000000051e+02 1.206541950000000085e+00 2.723997770000000096e-02 9.980106698468977910e+00
1.900116999999999905e+02 1.218999210000000000e+00 2.848818679999999895e-02 9.927813774620332765e+00
1.900304999999999893e+02 1.227925219999999928e+00 2.938727799999999932e-02 9.904989654774386310e+00
1.899630999999999972e+02 1.235192709999999972e+00 3.012099810000000086e-02 9.883206988774798418e+00
1.900066999999999950e+02 1.243264930000000046e+00 3.093775929999999924e-02 9.854258382294878160e+00
1.900611000000000104e+02 1.253442750000000050e+00 3.197059399999999801e-02 9.833093876583831161e+00
1.899893999999999892e+02 1.261793149999999919e+00 3.281980789999999759e-02 9.798984563973448303e+00
1.899850000000000136e+02 1.269076990000000071e+00 3.356313390000000008e-02 9.812344976388372331e+00
1.900335000000000036e+02 1.281566439999999973e+00 3.483596419999999971e-02 9.765735582653107372e+00
1.900293000000000063e+02 1.290335510000000019e+00 3.573390679999999958e-02 9.726748029174634880e+00
1.899875000000000114e+02 1.297613450000000057e+00 3.648214660000000109e-02 9.750380979404349446e+00
1.900296999999999912e+02 1.308588979999999902e+00 3.760779799999999784e-02 9.685520311951007599e+00
1.900672999999999888e+02 1.315858240000000068e+00 3.835832659999999922e-02 9.692387920383563227e+00
1.899939999999999998e+02 1.324220179999999969e+00 3.922105929999999963e-02 9.706437711540338853e+00
1.900192999999999870e+02 1.336622210000000033e+00 4.049877109999999725e-02 9.644999406419904275e+00
1.900823000000000036e+02 1.343901699999999977e+00 4.125351349999999834e-02 9.650964897547476440e+00
1.900155000000000030e+02 1.352779280000000028e+00 4.217337799999999748e-02 9.638430174372933479e+00
1.899650000000000034e+02 1.362964880000000045e+00 4.323014759999999762e-02 9.613067255748477535e+00
1.900167999999999893e+02 1.371038079999999937e+00 4.406996280000000099e-02 9.586918406902984913e+00
1.900016999999999996e+02 1.378294640000000015e+00 4.482688590000000195e-02 9.587557937510478467e+00
1.899207000000000107e+02 1.386672530000000014e+00 4.570071529999999993e-02 9.604954538892844340e+00
1.899619000000000142e+02 1.399061689999999913e+00 4.699058710000000166e-02 9.556227394105953010e+00
1.900499000000000080e+02 1.406334259999999947e+00 4.775161650000000341e-02 9.550958142533115591e+00
1.899776999999999987e+02 1.415224650000000084e+00 4.868245400000000001e-02 9.565423506085965144e+00
1.899396999999999878e+02 1.425418319999999905e+00 4.974813289999999860e-02 9.521387930780392139e+00
1.899911999999999921e+02 1.433428099999999983e+00 5.058937370000000239e-02 9.507083941231343260e+00
1.900130000000000052e+02 1.440663220000000022e+00 5.135039780000000276e-02 9.541664132785887986e+00
1.899321999999999946e+02 1.453372230000000043e+00 5.268234680000000170e-02 9.498564808854959907e+00
1.899527999999999963e+02 1.461392650000000071e+00 5.352672910000000339e-02 9.471718149066628456e+00
1.899851999999999919e+02 1.468672820000000101e+00 5.429535099999999864e-02 9.512511929814399636e+00
1.900058999999999969e+02 1.480467959999999916e+00 5.553531159999999800e-02 9.467072340029666577e+00
1.899240000000000066e+02 1.487774209999999986e+00 5.630706550000000310e-02 9.449496246951973433e+00
1.899573000000000036e+02 1.495826069999999897e+00 5.715915960000000212e-02 9.446522941831357656e+00
1.900300000000000011e+02 1.503072629999999910e+00 5.792627360000000142e-02 9.476527046055291947e+00
1.899492999999999938e+02 1.515742649999999969e+00 5.926326340000000192e-02 9.435389911667400042e+00
1.899165000000000134e+02 1.523763289999999992e+00 6.011332259999999789e-02 9.421921106043187777e+00
1.899818999999999960e+02 1.531045930000000110e+00 6.088626899999999981e-02 9.462123652185573164e+00
1.899944000000000131e+02 1.544254009999999955e+00 6.228215859999999826e-02 9.406476571196831671e+00
1.899411000000000058e+02 1.551471290000000058e+00 6.304942569999999469e-02 9.393638217707870552e+00
1.899913999999999987e+02 1.559463449999999973e+00 6.390023129999999885e-02 9.420761505627323729e+00
1.900531000000000006e+02 1.569608230000000049e+00 6.497708480000000120e-02 9.392486475518273537e+00
1.899512000000000000e+02 1.577935569999999954e+00 6.586368069999999630e-02 9.374704917087051115e+00
1.899216000000000122e+02 1.585183039999999988e+00 6.663676849999999874e-02 9.418956206531600373e+00
1.899644999999999868e+02 1.597566040000000021e+00 6.795145769999999530e-02 9.374703891987863358e+00
1.900108999999999924e+02 1.606381300000000012e+00 6.889178179999999596e-02 9.352298585223691063e+00
1.899282000000000039e+02 1.613624759999999991e+00 6.966629300000000413e-02 9.400566264924767879e+00
1.899500999999999920e+02 1.624571130000000085e+00 7.083073030000000547e-02 9.335801033979175045e+00
1.900283000000000015e+02 1.631765260000000106e+00 7.160132619999999559e-02 9.345598644619917295e+00
1.899869999999999948e+02 1.640095749999999963e+00 7.249270730000000051e-02 9.318493661504017922e+00
1.899508999999999901e+02 1.647380159999999982e+00 7.327442269999999425e-02 9.380931053216512439e+00
1.900213999999999999e+02 1.659731470000000098e+00 7.459106279999999645e-02 9.331001912351053917e+00
1.900137000000000000e+02 1.668522080000000019e+00 7.553314919999999655e-02 9.328210975741507482e+00
1.899566000000000088e+02 1.675772639999999924e+00 7.631042150000000301e-02 9.358714108669486720e+00
1.900012000000000114e+02 1.686717060000000101e+00 7.747985779999999600e-02 9.304460499197693579e+00
1.900471000000000004e+02 1.693951720000000050e+00 7.825740529999999917e-02 9.309555675449530554e+00
1.899433999999999969e+02 1.702244539999999917e+00 7.914819110000000102e-02 9.354020586665440007e+00
1.899584999999999866e+02 1.714581670000000058e+00 8.046710310000000643e-02 9.288891030637318025e+00
1.900306999999999960e+02 1.721867929999999935e+00 8.125150890000000514e-02 9.296295069538848210e+00
1.900021999999999878e+02 1.730708860000000016e+00 8.220252540000000385e-02 9.324364839180663722e+00
1.899670999999999879e+02 1.740850870000000050e+00 8.329021450000000104e-02 9.288544084485760521e+00
1.900370000000000061e+02 1.748856420000000078e+00 8.415208799999999989e-02 9.281995001599202766e+00
1.900321000000000140e+02 1.756113919999999995e+00 8.493397810000000159e-02 9.288192441902985763e+00
1.899789000000000101e+02 1.764448189999999972e+00 8.583127540000000388e-02 9.321461346967032213e+00
1.900167999999999893e+02 1.776784169999999996e+00 8.715467089999999473e-02 9.261184300940913161e+00
1.900980000000000132e+02 1.784048630000000024e+00 8.793906949999999445e-02 9.298569509421236390e+00
1.900278999999999883e+02 1.792840500000000059e+00 8.888457730000000334e-02 9.286698856821194781e+00
1.899797000000000082e+02 1.802972060000000099e+00 8.997555270000000271e-02 9.270179055168984661e+00
1.900075999999999965e+02 1.810983790000000093e+00 9.083980029999999539e-02 9.237391911949336176e+00
1.900514000000000010e+02 1.818190030000000013e+00 9.161991660000000370e-02 9.294637086273063176e+00
1.899895999999999958e+02 1.830863539999999956e+00 9.298344590000000298e-02 9.270716275616196711e+00
1.900139000000000067e+02 1.838864169999999909e+00 9.384644609999999443e-02 9.241443671361860623e+00
1.900901000000000067e+02 1.846120790000000067e+00 9.463167190000000562e-02 9.285384946668372663e+00
1.900774999999999864e+02 1.857847479999999996e+00 9.589459100000000125e-02 9.235256790152590156e+00
1.900169999999999959e+02 1.865071900000000005e+00 9.667685619999999425e-02 9.250444160075899092e+00
1.900688000000000102e+02 1.873053260000000053e+00 9.753966449999999788e-02 9.271004664566586229e+00
1.901019000000000005e+02 1.885713680000000059e+00 9.890525760000000444e-02 9.230371763116677286e+00
1.900223000000000013e+02 1.892984250000000035e+00 9.969293660000000390e-02 9.229070051791488538e+00
1.900425999999999931e+02 1.900992769999999998e+00 1.005606859999999964e-01 9.232284292155215510e+00
1.901005000000000109e+02 1.908239550000000007e+00 1.013456249999999947e-01 6.997621621618973720e+00
1.900665999999999940e+02 1.908563189999999965e+00 1.013918750000000063e-01 -5.876241052849940694e+00
1.900175999999999874e+02 1.908537740000000094e+00 1.013962060000000026e-01 7.662222221542382385e+02
1.900541000000000054e+02 1.908468779999999976e+00 1.013961159999999945e-01 -2.106021780906932506e+01
1.900947999999999922e+02 1.908403029999999889e+00 1.013992380000000026e-01 0.000000000000000000e+00
0.000000000000000000e+00 0.000000000000000000e+00 0.000000000000000000e+00 0.000000000000000000e+00
0.000000000000000000e+00 0.000000000000000000e+00 0.000000000000000000e+00 0.000000000000000000e+00
0.000000000000000000e+00 0.000000000000000000e+00 0.000000000000000000e+00 0.000000000000000000e+00
0.000000000000000000e+00 0.000000000000000000e+00 0.000000000000000000e+00 0.000000000000000000e+00
0.000000000000000000e+00 0.000000000000000000e+00 0.000000000000000000e+00 0.000000000000000000e+00
0.000000000000000000e+00 0.000000000000000000e+00 0.000000000000000000e+00 0.000000000000000000e+00
0.000000000000000000e+00 0.000000000000000000e+00 0.000000000000000000e+00 0.000000000000000000e+00
0.000000000000000000e+00 0.000000000000000000e+00 0.000000000000000000e+00 0.000000000000000000e+00
0.000000000000000000e+00 0.000000000000000000e+00 0.000000000000000000e+00 0.000000000000000000e+00
0.000000000000000000e+00 0.000000000000000000e+00 0.000000000000000000e+00 0.000000000000000000e+00
0.000000000000000000e+00 0.000000000000000000e+00 0.000000000000000000e+00 0.000000000000000000e+00
0.000000000000000000e+00 0.000000000000000000e+00 0.000000000000000000e+00 0.000000000000000000e+00
0.000000000000000000e+00 0.000000000000000000e+00 0.000000000000000000e+00 0.000000000000000000e+00
0.000000000000000000e+00 0.000000000000000000e+00 0.000000000000000000e+00 0.000000000000000000e+00
0.000000000000000000e+00 0.000000000000000000e+00 0.000000000000000000e+00 0.000000000000000000e+00
0.000000000000000000e+00 0.000000000000000000e+00 0.000000000000000000e+00 0.000000000000000000e+00
0.000000000000000000e+00 0.000000000000000000e+00 0.000000000000000000e+00 0.000000000000000000e+00
0.000000000000000000e+00 0.000000000000000000e+00 0.000000000000000000e+00 0.000000000000000000e+00
0.000000000000000000e+00 0.000000000000000000e+00 0.000000000000000000e+00 0.000000000000000000e+00
0.000000000000000000e+00 0.000000000000000000e+00 0.000000000000000000e+00 0.000000000000000000e+00
0.000000000000000000e+00 0.000000000000000000e+00 0.000000000000000000e+00 0.000000000000000000e+00
0.000000000000000000e+00 0.000000000000000000e+00 0.000000000000000000e+00 0.000000000000000000e+00
0.000000000000000000e+00 0.000000000000000000e+00 0.000000000000000000e+00 0.000000000000000000e+00
0.000000000000000000e+00 0.000000000000000000e+00 0.000000000000000000e+00 0.000000000000000000e+00
0.000000000000000000e+00 0.000000000000000000e+00 0.000000000000000000e+00 0.000000000000000000e+00
0.000000000000000000e+00 0.000000000000000000e+00 0.000000000000000000e+00 0.000000000000000000e+00
0.000000000000000000e+00 0.000000000000000000e+00 0.000000000000000000e+00 0.000000000000000000e+00
0.000000000000000000e+00 0.000000000000000000e+00 0.000000000000000000e+00 0.000000000000000000e+00
0.000000000000000000e+00 0.000000000000000000e+00 0.000000000000000000e+00 0.000000000000000000e+00
0.000000000000000000e+00 0.000000000000000000e+00 0.000000000000000000e+00 0.000000000000000000e+00
0.000000000000000000e+00 0.000000000000000000e+00 0.000000000000000000e+00 0.000000000000000000e+00
0.000000000000000000e+00 0.000000000000000000e+00 0.000000000000000000e+00 0.000000000000000000e+00
0.000000000000000000e+00 0.000000000000000000e+00 0.000000000000000000e+00 0.000000000000000000e+00
0.000000000000000000e+00 0.000000000000000000e+00 0.000000000000000000e+00 0.000000000000000000e+00
0.000000000000000000e+00 0.000000000000000000e+00 0.000000000000000000e+00 0.000000000000000000e+00
0.000000000000000000e+00 0.000000000000000000e+00 0.000000000000000000e+00 0.000000000000000000e+00
0.000000000000000000e+00 0.000000000000000000e+00 0.000000000000000000e+00 0.000000000000000000e+00
0.000000000000000000e+00 0.000000000000000000e+00 0.000000000000000000e+00 0.000000000000000000e+00
0.000000000000000000e+00 0.000000000000000000e+00 0.000000000000000000e+00 0.000000000000000000e+00
0.000000000000000000e+00 0.000000000000000000e+00 0.000000000000000000e+00 0.000000000000000000e+00
0.000000000000000000e+00 0.000000000000000000e+00 0.000000000000000000e+00 0.000000000000000000e+00
0.000000000000000000e+00 0.000000000000000000e+00 0.000000000000000000e+00 0.000000000000000000e+00
