2.400437000000000012e+02 -5.041400529999999769e-01 4.487463439999999908e-08 4.717947749712404795e+06
2.401079000000000008e+02 -4.959938589999999814e-01 4.660127369999999777e-08 2.961072122944881208e+06
2.400404000000000053e+02 -5.073725949999999818e-01 4.275849799999999807e-08 -1.461971926916195080e+06
2.400660000000000025e+02 -5.163276709999999881e-01 4.888383860000000101e-08 -1.298980451082553016e+06
2.400851000000000113e+02 -5.244299770000000471e-01 5.512127350000000055e-08 -5.421606407671627589e+06
2.400134999999999934e+02 -5.386210989999999921e-01 5.773878590000000130e-08 -1.605191594081812073e+06
2.400518999999999892e+02 -5.475616639999999480e-01 6.330856650000000374e-08 -1.710403927390384022e+06
2.400396000000000072e+02 -5.556584610000000479e-01 6.804241729999999711e-08 -1.306973923916723114e+06
2.400087000000000046e+02 -5.655575790000000325e-01 7.561649189999999660e-08 -3.516980321642256458e+05
2.400803999999999974e+02 -5.769375629999999866e-01 1.079737500000000043e-07 -2.368971212860619707e+05
2.400971999999999866e+02 -5.858827540000000056e-01 1.457335630000000029e-07 -2.735300860458283569e+05
2.400267000000000053e+02 -5.940174660000000495e-01 1.754732969999999911e-07 -1.172354551792049460e+05
2.400592000000000041e+02 -6.082444620000000413e-01 2.968273360000000161e-07 -7.414020456634875154e+04
2.400620000000000118e+02 -6.172044930000000207e-01 4.176798619999999943e-07 -4.973576897010373796e+04
2.400039999999999907e+02 -6.253092289999999664e-01 5.806357419999999496e-07 -2.986365124203237792e+04
2.400455000000000041e+02 -6.383535409999999688e-01 1.017431360000000035e-06 -1.908287881697959529e+04
2.400010000000000048e+02 -6.464709950000000482e-01 1.442810259999999924e-06 -1.277658106341709936e+04
2.399835999999999956e+02 -6.553797249999999686e-01 2.140080520000000123e-06 -7.488263284271505654e+03
2.400534000000000106e+02 -6.695561540000000145e-01 4.033233639999999828e-06 -4.646856587787842727e+03
2.399825999999999908e+02 -6.776742810000000450e-01 5.780248389999999719e-06 -3.164246728538397747e+03
2.399639999999999986e+02 -6.865575860000000530e-01 8.587647990000000391e-06 -1.998968621169882681e+03
2.400141999999999882e+02 -6.979400019999999483e-01 1.428179240000000059e-05 -1.260779093057008595e+03
2.399579999999999984e+02 -7.077374189999999787e-01 2.205271520000000072e-05 -8.566030601800387103e+02
2.399809999999999945e+02 -7.157233729999999960e-01 3.137553270000000016e-05 -5.949762935145339497e+02
2.400209000000000117e+02 -7.245345439999999471e-01 4.618481349999999894e-05 -3.627143152889641442e+02
2.399507000000000119e+02 -7.382863889999999873e-01 8.409852250000000623e-05 -2.366725444138395176e+02
2.399792999999999950e+02 -7.460228700000000046e-01 1.167870669999999950e-04 -1.723360534575418228e+02
2.399969000000000108e+02 -7.544404260000000528e-01 1.656309150000000012e-04 -1.207127322891733741e+02
2.399314999999999998e+02 -7.648561130000000041e-01 2.519158229999999806e-04 -8.766218631876525080e+01
2.399722999999999900e+02 -7.735557920000000198e-01 3.511567770000000228e-04 -6.885205236680032215e+01
2.399813000000000045e+02 -7.805404700000000418e-01 4.526015089999999843e-04 -5.274373536196168288e+01
2.399448999999999899e+02 -7.919589339999999478e-01 6.690909920000000536e-04 -4.221838889171677778e+01
2.400204999999999984e+02 -7.992987959999999781e-01 8.429456130000000449e-04 -3.648152445272043565e+01
2.400464000000000055e+02 -8.055357779999999801e-01 1.013908370000000036e-03 -3.150001397917101897e+01
2.400278999999999883e+02 -8.145491919999999775e-01 1.300048370000000085e-03 -2.799490307751059603e+01
2.400869000000000142e+02 -8.203167679999999740e-01 1.506070730000000097e-03 -2.547313292192686518e+01
2.401158000000000072e+02 -8.271892840000000247e-01 1.775865420000000009e-03 -2.360091119700558338e+01
2.400353000000000065e+02 -8.327002909999999813e-01 2.009373650000000067e-03 -2.158565080954828375e+01
2.400654000000000110e+02 -8.418247580000000063e-01 2.432083490000000025e-03 -2.007108098851966105e+01
2.400883000000000038e+02 -8.478148250000000496e-01 2.730526159999999841e-03 -1.917053126279349939e+01
2.400047000000000139e+02 -8.529731379999999641e-01 2.999601279999999925e-03 -1.817327102566298080e+01
2.400559000000000083e+02 -8.605266879999999841e-01 3.415241920000000077e-03 -1.740595287527187551e+01
2.400440999999999860e+02 -8.654689359999999665e-01 3.699182019999999998e-03 -1.685297953426377759e+01
2.400081999999999880e+02 -8.713991679999999462e-01 4.051062349999999708e-03 -1.614132117220134433e+01
2.400586000000000126e+02 -8.795957890000000168e-01 4.558865950000000160e-03 -1.563039386924640262e+01
2.399773000000000138e+02 -8.843016470000000240e-01 4.859936930000000217e-03 -1.528193190392596357e+01
2.399886999999999944e+02 -8.897124539999999859e-01 5.214002570000000024e-03 -1.487573128568296532e+01
2.399763000000000090e+02 -8.962026349999999697e-01 5.650295809999999856e-03 -1.454951767452006273e+01
2.399482999999999890e+02 -9.012565380000000514e-01 5.997654609999999997e-03 -1.432624063475719645e+01
2.400107000000000141e+02 -9.058491149999999825e-01 6.318225589999999607e-03 -1.396534834438167394e+01
2.400018000000000029e+02 -9.140404060000000275e-01 6.904769570000000162e-03 -1.372751744211273106e+01
2.399786000000000001e+02 -9.189874590000000065e-01 7.265144490000000066e-03 -1.353838886101138606e+01
2.400450999999999908e+02 -9.234278120000000145e-01 7.593126870000000382e-03 -1.335776467935435363e+01
2.400504999999999995e+02 -9.284987080000000059e-01 7.972748470000000712e-03 -1.318025970459915008e+01
2.400465000000000089e+02 -9.346274049999999667e-01 8.437739079999999336e-03 -1.299815384641864746e+01
2.401149000000000058e+02 -9.394633580000000261e-01 8.809788299999999489e-03 -1.288581808074719781e+01
2.400664999999999907e+02 -9.438342819999999689e-01 9.148992530000000373e-03 -1.272153154198710645e+01
2.400027000000000044e+02 -9.508946240000000216e-01 9.703984040000000408e-03 -1.257600279801496335e+01
2.400071000000000083e+02 -9.556222410000000389e-01 1.007990769999999973e-02 -1.245951666106774702e+01
2.399437000000000069e+02 -9.598949979999999993e-01 1.042283890000000011e-02 -1.235060320755238905e+01
2.399892999999999859e+02 -9.664873980000000531e-01 1.095661040000000044e-02 -1.224576501674567375e+01
2.400335000000000036e+02 -9.707422759999999595e-01 1.130406750000000071e-02 -1.216932980481342774e+01
2.399849000000000103e+02 -9.754046589999999517e-01 1.168719319999999944e-02 -1.139313446958712106e+01
2.400163000000000011e+02 -1.094733320000000010e+00 2.216092730000000094e-02 -1.083335453581334562e+01
2.400903000000000134e+02 -1.102099479999999909e+00 2.284087920000000063e-02 -1.081253478207880470e+01
2.400029999999999859e+02 -1.110180029999999984e+00 2.358821089999999995e-02 -1.073795291969402221e+01
2.400072999999999865e+02 -1.117448400000000008e+00 2.426509690000000150e-02 -1.071748437288517586e+01
2.400269000000000119e+02 -1.128787849999999926e+00 2.532312969999999872e-02 -1.067303110613185169e+01
2.399602999999999895e+02 -1.136058559999999940e+00 2.600435229999999848e-02 -1.060797857022297741e+01
2.399964999999999975e+02 -1.144140310000000049e+00 2.676620810000000100e-02 -1.060318749180357401e+01
2.400537999999999954e+02 -1.157391950000000058e+00 2.801598699999999914e-02 -1.053648994530169780e+01
2.400062000000000069e+02 -1.164757339999999974e+00 2.871502340000000111e-02 -1.049852399704597694e+01
2.400307999999999993e+02 -1.172796589999999917e+00 2.948077389999999992e-02 -1.049524072144431308e+01
2.401043999999999983e+02 -1.183034860000000021e+00 3.045628939999999937e-02 -1.043642694537218141e+01
2.400415000000000134e+02 -1.191419379999999917e+00 3.125967930000000256e-02 -1.040612587419795076e+01
2.400583000000000027e+02 -1.198721960000000086e+00 3.196143709999999666e-02 -1.041168928213487099e+01
2.401069999999999993e+02 -1.211096259999999925e+00 3.314993780000000112e-02 -1.035621324310462477e+01
2.400561999999999898e+02 -1.219939300000000060e+00 3.400382519999999714e-02 -1.032313073395605407e+01
2.400637000000000114e+02 -1.227247259999999951e+00 3.471174610000000299e-02 -1.031984095618772201e+01
2.401202999999999861e+02 -1.235310869999999950e+00 3.549311570000000110e-02 -1.029363929414450674e+01
2.400452999999999975e+02 -1.245519700000000007e+00 3.648487670000000183e-02 -1.025798949927321324e+01
2.400295999999999879e+02 -1.253868930000000104e+00 3.729880129999999655e-02 -1.023649634790267626e+01
2.400871999999999957e+02 -1.261152709999999955e+00 3.801035140000000312e-02 -1.025071135932312316e+01
2.400089000000000112e+02 -1.273576320000000095e+00 3.922232679999999860e-02 -1.019559868370969369e+01
2.400218000000000131e+02 -1.282418819999999959e+00 4.008961280000000044e-02 -1.017014532970401142e+01
2.400369000000000028e+02 -1.289698189999999967e+00 4.080537149999999974e-02 -1.018209973085912878e+01
2.399753000000000043e+02 -1.300622519999999893e+00 4.187826709999999814e-02 -1.013582621728191668e+01
2.400251000000000090e+02 -1.307925100000000063e+00 4.259873919999999925e-02 -1.013108139516713102e+01
2.400215000000000032e+02 -1.316289800000000065e+00 4.342438650000000205e-02 -1.012847094592405739e+01
2.399747999999999877e+02 -1.328675739999999994e+00 4.464727000000000279e-02 -1.007117523089224065e+01
2.400011000000000081e+02 -1.335938990000000048e+00 4.536846189999999696e-02 -1.009864068806217752e+01
2.399205000000000041e+02 -1.344805849999999969e+00 4.624648700000000279e-02 -1.006942269641379184e+01
2.399408999999999992e+02 -1.354934059999999940e+00 4.725232520000000047e-02 -1.004448856987807837e+01
2.399833000000000141e+02 -1.362983229999999990e+00 4.805367709999999737e-02 -1.002783477572497262e+01
2.399475999999999942e+02 -1.370261979999999991e+00 4.877953170000000338e-02 -1.001925413067719539e+01
2.399916000000000054e+02 -1.378580600000000045e+00 4.960979509999999953e-02 -1.003838045736653228e+01
2.400637000000000114e+02 -1.391000790000000098e+00 5.084706540000000219e-02 -9.986188096720580276e+00
2.400213999999999999e+02 -1.398242489999999894e+00 5.157223699999999994e-02 -1.000083837597389369e+01
2.400536999999999921e+02 -1.407057889999999922e+00 5.245370309999999869e-02 -9.974253938908473671e+00
2.401029000000000053e+02 -1.417245969999999966e+00 5.347514090000000248e-02 -9.960508028367243583e+00
2.400296999999999912e+02 -1.425292669999999928e+00 5.428300130000000140e-02 -9.963495736527114843e+00
2.400172000000000025e+02 -1.432590009999999969e+00 5.501540889999999989e-02 -9.969042913418252994e+00
2.400717999999999961e+02 -1.445256330000000089e+00 5.628597419999999824e-02 -9.908556357552992466e+00
2.400235999999999876e+02 -1.453308119999999981e+00 5.709858400000000084e-02 -9.920787076376248237e+00
2.400395000000000039e+02 -1.460635530000000015e+00 5.783717559999999869e-02 -9.927757465283725935e+00
2.401107000000000085e+02 -1.472425840000000097e+00 5.902478619999999843e-02 -9.878819644578040737e+00
2.400270999999999901e+02 -1.479648330000000067e+00 5.975589480000000064e-02 -9.901373916425072252e+00
2.400200000000000102e+02 -1.487750150000000104e+00 6.057414690000000046e-02 -9.856681738987472130e+00
2.400353000000000065e+02 -1.494949150000000060e+00 6.130451440000000279e-02 -9.911934093822999614e+00
2.399884999999999877e+02 -1.507625130000000091e+00 6.258337479999999398e-02 -9.872844996673039830e+00
2.400456000000000074e+02 -1.515615879999999915e+00 6.339274129999999952e-02 -9.826601803965182569e+00
2.400773000000000081e+02 -1.522873869999999963e+00 6.413134759999999934e-02 -9.878625658353586303e+00
2.399848000000000070e+02 -1.535786840000000097e+00 6.543851019999999408e-02 -9.807895956836912177e+00
2.399971999999999923e+02 -1.543028550000000054e+00 6.617686529999999845e-02 -9.826531614487326038e+00
2.399482999999999890e+02 -1.551032259999999940e+00 6.699136529999999423e-02 -9.848540085635166363e+00
2.399476999999999975e+02 -1.561216720000000002e+00 6.802547389999999417e-02 -9.812819500620523883e+00
2.400133999999999901e+02 -1.569524200000000036e+00 6.887206849999999436e-02 -9.795641074443805607e+00
2.399627999999999872e+02 -1.576755209999999963e+00 6.961025499999999588e-02 -9.835850634401117176e+00
2.399573000000000036e+02 -1.589140699999999962e+00 7.086947400000000175e-02 -9.810137736081548709e+00
2.400378000000000043e+02 -1.597936030000000063e+00 7.176602919999999775e-02 -9.762193938452892183e+00
2.399848000000000070e+02 -1.605143489999999895e+00 7.250433250000000440e-02 -9.804686345560918781e+00
2.399989999999999952e+02 -1.616058360000000027e+00 7.361756240000000284e-02 -9.778110834078971081e+00
2.400832000000000050e+02 -1.623305400000000009e+00 7.435871169999999641e-02 -9.759380688680872495e+00
2.400279999999999916e+02 -1.631564840000000016e+00 7.520501949999999769e-02 -9.765988398051081987e+00
2.400050999999999988e+02 -1.638783050000000019e+00 7.594413669999999783e-02 -9.775662389519364837e+00
2.400586000000000126e+02 -1.651139150000000111e+00 7.720810220000000335e-02 -9.763594188678172969e+00
2.399693000000000040e+02 -1.659879829999999945e+00 7.810333399999999648e-02 -9.719596746650063679e+00
2.399815000000000111e+02 -1.667116789999999904e+00 7.884790810000000261e-02 -9.755735266154546892e+00
2.399711000000000070e+02 -1.678019190000000105e+00 7.996544560000000412e-02 -9.740243090249657953e+00
2.399192999999999927e+02 -1.685274699999999903e+00 8.071034589999999398e-02 -9.729190167154413871e+00
2.399833999999999889e+02 -1.693592640000000094e+00 8.156529269999999998e-02 -9.753459467464558941e+00
2.399468999999999994e+02 -1.705961000000000061e+00 8.283339250000000542e-02 -9.716490779188768911e+00
2.399343000000000075e+02 -1.713203679999999896e+00 8.357879329999999551e-02 -9.727887325751272130e+00
2.400035000000000025e+02 -1.721996730000000086e+00 8.448269460000000508e-02 -9.723000279572769244e+00
2.399910000000000139e+02 -1.732127580000000000e+00 8.552464149999999821e-02 -9.717864245042751037e+00
2.399858999999999867e+02 -1.740164830000000107e+00 8.635170080000000026e-02 -9.700490528838967563e+00
2.400603000000000122e+02 -1.747421279999999966e+00 8.709975059999999769e-02 -9.706807004658307036e+00
2.400836999999999932e+02 -1.755742020000000014e+00 8.795695729999999934e-02 -9.714639423880377933e+00
2.400054000000000087e+02 -1.768065180000000014e+00 8.922547170000000305e-02 -9.694721478795823799e+00
2.400201999999999884e+02 -1.775299449999999890e+00 8.997167879999999618e-02 -9.696963582547329707e+00
2.400810999999999922e+02 -1.784046019999999899e+00 9.087366939999999560e-02 -9.698585476808091244e+00
2.400327000000000055e+02 -1.794166460000000018e+00 9.191716590000000020e-02 -9.680805546223322011e+00
2.400122000000000071e+02 -1.802151110000000056e+00 9.274195779999999667e-02 -9.670136276985608959e+00
2.400762000000000000e+02 -1.809382229999999980e+00 9.348973630000000090e-02 -9.717696920732702637e+00
2.400007999999999981e+02 -1.821999780000000069e+00 9.478814580000000101e-02 -9.636006422275761096e+00
2.399895999999999958e+02 -1.829953120000000100e+00 9.561352300000000581e-02 -9.668380510480469425e+00
2.400468999999999937e+02 -1.837187389999999976e+00 9.636176309999999745e-02 -9.683097618511750326e+00
2.400032999999999959e+02 -1.848925850000000093e+00 9.757402599999999426e-02 -9.638373962925294691e+00
2.400026000000000010e+02 -1.856154110000000079e+00 9.832397199999999560e-02 -9.672394675204422754e+00
2.400707999999999913e+02 -1.864145249999999976e+00 9.915015209999999968e-02 -9.669832146796728978e+00
2.400664999999999907e+02 -1.876815340000000054e+00 1.004604219999999937e-01 -9.635665257949128204e+00
2.399996999999999900e+02 -1.881819960000000069e+00 1.009798070000000048e-01 2.010514018692550753e+00
2.400435999999999979e+02 -1.881802750000000080e+00 1.009883669999999956e-01 -3.669483568101447872e+02
2.400304999999999893e+02 -1.881724589999999919e+00 1.009881539999999966e-01 1.812030075175175980e+01
2.399944000000000131e+02 -1.881693260000000034e+00 1.009898830000000025e-01 2.231470588501637394e+03
2.400356999999999914e+02 -1.881617389999999945e+00 1.009899169999999985e-01 0.000000000000000000e+00
0.000000000000000000e+00 0.000000000000000000e+00 0.000000000000000000e+00 0.000000000000000000e+00
0.000000000000000000e+00 0.000000000000000000e+00 0.000000000000000000e+00 0.000000000000000000e+00
0.000000000000000000e+00 0.000000000000000000e+00 0.000000000000000000e+00 0.000000000000000000e+00
0.000000000000000000e+00 0.000000000000000000e+00 0.000000000000000000e+00 0.000000000000000000e+00
0.000000000000000000e+00 0.000000000000000000e+00 0.000000000000000000e+00 0.000000000000000000e+00
0.000000000000000000e+00 0.000000000000000000e+00 0.000000000000000000e+00 0.000000000000000000e+00
0.000000000000000000e+00 0.000000000000000000e+00 0.000000000000000000e+00 0.000000000000000000e+00
0.000000000000000000e+00 0.000000000000000000e+00 0.000000000000000000e+00 0.000000000000000000e+00
0.000000000000000000e+00 0.000000000000000000e+00 0.000000000000000000e+00 0.000000000000000000e+00
0.000000000000000000e+00 0.000000000000000000e+00 0.000000000000000000e+00 0.000000000000000000e+00
0.000000000000000000e+00 0.000000000000000000e+00 0.000000000000000000e+00 0.000000000000000000e+00
0.000000000000000000e+00 0.000000000000000000e+00 0.000000000000000000e+00 0.000000000000000000e+00
0.000000000000000000e+00 0.000000000000000000e+00 0.000000000000000000e+00 0.000000000000000000e+00
0.000000000000000000e+00 0.000000000000000000e+00 0.000000000000000000e+00 0.000000000000000000e+00
0.000000000000000000e+00 0.000000000000000000e+00 0.000000000000000000e+00 0.000000000000000000e+00
0.000000000000000000e+00 0.000000000000000000e+00 0.000000000000000000e+00 0.000000000000000000e+00
0.000000000000000000e+00 0.000000000000000000e+00 0.000000000000000000e+00 0.000000000000000000e+00
0.000000000000000000e+00 0.000000000000000000e+00 0.000000000000000000e+00 0.000000000000000000e+00
0.000000000000000000e+00 0.000000000000000000e+00 0.000000000000000000e+00 0.000000000000000000e+00
0.000000000000000000e+00 0.000000000000000000e+00 0.000000000000000000e+00 0.000000000000000000e+00
0.000000000000000000e+00 0.000000000000000000e+00 0.000000000000000000e+00 0.000000000000000000e+00
0.000000000000000000e+00 0.000000000000000000e+00 0.000000000000000000e+00 0.000000000000000000e+00
0.000000000000000000e+00 0.000000000000000000e+00 0.000000000000000000e+00 0.000000000000000000e+00
0.000000000000000000e+00 0.000000000000000000e+00 0.000000000000000000e+00 0.000000000000000000e+00
0.000000000000000000e+00 0.000000000000000000e+00 0.000000000000000000e+00 0.000000000000000000e+00
0.000000000000000000e+00 0.000000000000000000e+00 0.000000000000000000e+00 0.000000000000000000e+00
0.000000000000000000e+00 0.000000000000000000e+00 0.000000000000000000e+00 0.000000000000000000e+00
0.000000000000000000e+00 0.000000000000000000e+00 0.000000000000000000e+00 0.000000000000000000e+00
0.000000000000000000e+00 0.000000000000000000e+00 0.000000000000000000e+00 0.000000000000000000e+00
0.000000000000000000e+00 0.000000000000000000e+00 0.000000000000000000e+00 0.000000000000000000e+00
0.000000000000000000e+00 0.000000000000000000e+00 0.000000000000000000e+00 0.000000000000000000e+00
0.000000000000000000e+00 0.000000000000000000e+00 0.000000000000000000e+00 0.000000000000000000e+00
0.000000000000000000e+00 0.000000000000000000e+00 0.000000000000000000e+00 0.000000000000000000e+00
0.000000000000000000e+00 0.000000000000000000e+00 0.000000000000000000e+00 0.000000000000000000e+00
0.000000000000000000e+00 0.000000000000000000e+00 0.000000000000000000e+00 0.000000000000000000e+00
0.000000000000000000e+00 0.000000000000000000e+00 0.000000000000000000e+00 0.000000000000000000e+00
0.000000000000000000e+00 0.000000000000000000e+00 0.000000000000000000e+00 0.000000000000000000e+00
0.000000000000000000e+00 0.000000000000000000e+00 0.000000000000000000e+00 0.000000000000000000e+00
0.000000000000000000e+00 0.000000000000000000e+00 0.000000000000000000e+00 0.000000000000000000e+00
0.000000000000000000e+00 0.000000000000000000e+00 0.000000000000000000e+00 0.000000000000000000e+00
0.000000000000000000e+00 0.000000000000000000e+00 0.000000000000000000e+00 0.000000000000000000e+00
0.000000000000000000e+00 0.000000000000000000e+00 0.000000000000000000e+00 0.000000000000000000e+00
0.000000000000000000e+00 0.000000000000000000e+00 0.000000000000000000e+00 0.000000000000000000e+00
0.000000000000000000e+00 0.000000000000000000e+00 0.000000000000000000e+00 0.000000000000000000e+00
