8.001609999999999445e+01 5.049549580000000093e-01 2.489351100000000073e-08 -8.422918083980393130e+05
8.007019999999999982e+01 4.967925429999999754e-01 3.458423209999999675e-08 -2.154398906452648342e+06
7.993309999999999604e+01 5.081912330000000200e-01 2.929334099999999917e-08 -2.133024028854314703e+06
7.996519999999999584e+01 5.172208350000000454e-01 2.506010130000000159e-08 7.279303100518473657e+05
8.010580000000000211e+01 5.252883769999999730e-01 3.614295069999999730e-08 -1.588809363044807920e+06
8.000199999999999534e+01 5.394462279999999721e-01 2.723196910000000034e-08 2.526634856731737033e+06
7.998189999999999600e+01 5.484525890000000459e-01 3.079653679999999901e-08 3.472339508296367247e+06
8.008990000000000009e+01 5.565748379999999607e-01 3.313566549999999732e-08 1.695346081869465765e+06
8.010009999999999764e+01 5.664886670000000013e-01 3.898333819999999770e-08 -2.670008656396794599e+06
8.003079999999999927e+01 5.777900339999999524e-01 3.475063020000000251e-08 2.696866129245482851e+06
8.015040000000000475e+01 5.866505340000000013e-01 3.803611029999999770e-08 -1.073438300907411845e+06
8.014050000000000296e+01 5.947213089999999758e-01 3.051748999999999860e-08 -8.452701089603403211e+07
8.003539999999999566e+01 6.088835729999999558e-01 3.034994279999999876e-08 1.119343422997424146e+06
8.009069999999999823e+01 6.177984140000000179e-01 3.831429120000000167e-08 -6.059275896730673499e+06
8.017610000000000525e+01 6.258970209999999978e-01 3.697772770000000285e-08 2.029718519372564042e+06
8.005259999999999820e+01 6.390088090000000109e-01 4.343763230000000183e-08 8.033165503120541573e+06
8.007970000000000255e+01 6.470619079999999634e-01 4.444011369999999776e-08 -1.742711038322645705e+06
8.017539999999999623e+01 6.559912570000000498e-01 3.931628719999999838e-08 2.474549202399929985e+06
8.002060000000000173e+01 6.701863139999999497e-01 4.505270860000000289e-08 4.165329560259715654e+06
7.998029999999999973e+01 6.783049970000000206e-01 4.700181800000000115e-08 1.626254147391610546e+06
8.007330000000000325e+01 6.872715870000000171e-01 5.251546420000000313e-08 5.088526688711054623e+06
8.009879999999999711e+01 6.986084529999999626e-01 5.474339120000000153e-08 -5.208255427389485762e+06
7.999469999999999459e+01 7.084706809999999910e-01 5.284981509999999906e-08 1.598690330587254604e+06
8.005570000000000164e+01 7.165728380000000453e-01 5.791781160000000236e-08 -2.016758312766104704e+06
8.012789999999999679e+01 7.255584489999999942e-01 5.346233920000000147e-08 1.929024980117162922e+06
7.998699999999999477e+01 7.397388320000000128e-01 6.081340159999999898e-08 4.035155539782106411e+06
7.995709999999999695e+01 7.478284170000000231e-01 6.281817810000000590e-08 1.831986736407096731e+06
8.007370000000000232e+01 7.568068639999999681e-01 6.771911260000000522e-08 -2.549115855727358535e+07
8.004160000000000252e+01 7.681517500000000220e-01 6.727406080000000358e-08 7.338788998782055452e+06
7.995430000000000348e+01 7.779610769999999453e-01 6.861070190000000067e-08 -2.433783782167371735e+07
7.999769999999999470e+01 7.860994650000000528e-01 6.827630950000000640e-08 -2.231952177132858895e+06
8.010829999999999984e+01 7.998973110000000553e-01 6.209434640000000456e-08 1.858188108189010760e+06
7.996339999999999293e+01 8.092113909999999466e-01 6.710679910000000046e-08 1.755876529951215256e+06
7.994199999999999307e+01 8.173280170000000178e-01 7.172934850000000019e-08 3.322047524604654405e+06
8.004749999999999943e+01 8.295401679999999667e-01 7.540544009999999560e-08 -7.091395161918014055e+05
8.006270000000000664e+01 8.375970230000000516e-01 6.404398749999999530e-08 4.920380301681182347e+06
7.994939999999999714e+01 8.474626330000000207e-01 6.604903780000000017e-08 9.351889999134010868e+05
8.000839999999999463e+01 8.555356309999999631e-01 7.468151530000000594e-08 3.452292218577991240e+06
8.010930000000000462e+01 8.693788159999999987e-01 7.869136849999999969e-08 -2.019453251576373354e+06
8.003409999999999513e+01 8.787138989999999650e-01 7.406878909999999701e-08 1.634632214964088053e+06
8.003220000000000312e+01 8.868162889999999798e-01 7.902549429999999831e-08 -1.217742595172994398e+07
8.016469999999999629e+01 8.990232719999999844e-01 7.802306709999999649e-08 2.424769362258359790e+07
8.006560000000000343e+01 9.071258909999999620e-01 7.835722749999999622e-08 1.470860735587930074e+06
7.999139999999999873e+01 9.169559609999999861e-01 8.504043669999999775e-08 -1.239731030941828340e+07
8.004989999999999384e+01 9.307649270000000197e-01 8.392656880000000255e-08 -1.808566796178148128e+06
8.013429999999999609e+01 9.389234229999999792e-01 7.941554050000000197e-08 9.816058082696441561e+06
8.002349999999999852e+01 9.482171489999999814e-01 8.036232850000000236e-08 6.228952123685138067e+05
8.006770000000000209e+01 9.595611819999999570e-01 9.857411239999999590e-08 inf
8.016979999999999507e+01 9.685248829999999476e-01 9.857411239999999590e-08 2.472016278963509249e+05
8.006810000000000116e+01 9.766340500000000313e-01 1.313779699999999973e-07 6.232547598318848031e+04
8.005949999999999989e+01 9.913967270000000331e-01 3.682422180000000194e-07 1.590543681319672214e+04
8.016920000000000357e+01 1.000372830000000102e+00 9.325840279999999508e-07 5.331728183001277102e+03
8.008799999999999386e+01 1.008447279999999946e+00 2.446999189999999849e-06 1.783311529830679319e+03
8.000270000000000437e+01 1.017740929999999988e+00 7.658455430000000769e-06 4.982888938215411940e+02
8.006780000000000541e+01 1.028823540000000092e+00 2.989979000000000058e-05 1.604784457371193866e+02
8.012059999999999604e+01 1.037224609999999991e+00 8.224993559999999872e-05 7.225675660931219113e+01
8.001290000000000191e+01 1.044276179999999998e+00 1.798403940000000106e-04 3.615594732020163349e+01
8.004999999999999716e+01 1.054493499999999973e+00 4.624306939999999941e-04 2.356993490161889326e+01
8.015980000000000416e+01 1.060564810000000024e+00 7.200177440000000506e-04 1.929234979670118122e+01
8.000669999999999504e+01 1.065730010000000005e+00 9.877508119999999208e-04 1.640243992743736712e+01
7.997390000000000043e+01 1.073225749999999978e+00 1.444740140000000004e-03 1.469329628885523498e+01
8.007410000000000139e+01 1.077874680000000085e+00 1.761138169999999954e-03 1.376833280161519113e+01
8.007359999999999900e+01 1.082890359999999941e+00 2.125429189999999968e-03 1.285395312231744569e+01
7.995839999999999748e+01 1.090825989999999912e+00 2.742798020000000205e-03 1.224084946530654960e+01
8.003480000000000416e+01 1.095135360000000002e+00 3.094846300000000158e-03 1.190999208190444314e+01
8.007410000000000139e+01 1.099772650000000018e+00 3.484207599999999787e-03 1.161391749906572635e+01
7.995090000000000430e+01 1.103950820000000110e+00 3.843963039999999994e-03 1.133384392558082787e+01
7.996299999999999386e+01 1.110313200000000000e+00 4.405324220000000381e-03 1.109722359270097058e+01
8.009090000000000487e+01 1.114382109999999981e+00 4.771984400000000084e-03 1.093446809379277163e+01
7.999649999999999750e+01 1.118838970000000099e+00 5.179581729999999627e-03 1.076973974055738381e+01
7.994710000000000605e+01 1.126101669999999944e+00 5.853943430000000357e-03 1.059300131910381992e+01
8.002689999999999770e+01 1.130065179999999891e+00 6.228106510000000311e-03 1.049582162151189380e+01
8.010699999999999932e+01 1.134454450000000003e+00 6.646298640000000181e-03 1.039293669126119468e+01
7.998120000000000118e+01 1.139994909999999972e+00 7.179397239999999597e-03 1.030706278640123408e+01
8.001709999999999923e+01 1.144487320000000086e+00 7.615254680000000005e-03 1.021081301819308251e+01
8.011950000000000216e+01 1.148402460000000014e+00 7.998685460000000066e-03 1.016371155760722900e+01
8.002020000000000266e+01 1.155042260000000098e+00 8.651970429999999296e-03 1.006082984798628921e+01
7.994780000000000086e+01 1.159772400000000037e+00 9.122124489999999461e-03 1.000354370547170646e+01
8.002670000000000528e+01 1.163636109999999890e+00 9.508358620000000733e-03 9.941980229169249839e+00
8.009869999999999379e+01 1.167880779999999952e+00 9.935302740000000535e-03 9.922599372874250534e+00
8.001040000000000418e+01 1.173261579999999915e+00 1.047758000000000023e-02 9.846377194731903870e+00
8.004240000000000066e+01 1.177656540000000085e+00 1.092393300000000025e-02 9.795903711179343887e+00
8.017010000000000502e+01 1.181475859999999933e+00 1.131382249999999916e-02 9.801806771781235383e+00
8.005039999999999623e+01 1.188000120000000104e+00 1.197944060000000026e-02 9.561985418539119763e+00
8.002819999999999823e+01 1.305356420000000073e+00 2.425265529999999850e-02 9.176459730433931483e+00
8.013649999999999807e+01 1.312654530000000097e+00 2.504796310000000081e-02 9.214899118089345365e+00
8.007049999999999557e+01 1.323635059999999974e+00 2.623956919999999998e-02 9.123422035288800913e+00
7.997169999999999845e+01 1.330977829999999917e+00 2.704439549999999859e-02 9.147510286170168925e+00
8.003130000000000166e+01 1.339397739999999892e+00 2.796485469999999973e-02 9.178858914642205491e+00
8.009350000000000591e+01 1.351837919999999915e+00 2.932016260000000138e-02 9.076901646183129557e+00
7.996290000000000475e+01 1.359188070000000081e+00 3.012992680000000159e-02 9.081476558907445096e+00
7.994660000000000366e+01 1.368100810000000056e+00 3.111134650000000126e-02 9.091687906347184267e+00
8.009329999999999927e+01 1.378416150000000062e+00 3.224593669999999829e-02 9.035397815559457868e+00
8.002280000000000371e+01 1.386479030000000057e+00 3.313830250000000116e-02 9.011498594640734439e+00
8.000039999999999907e+01 1.393798279999999945e+00 3.395051479999999788e-02 9.027781586578131012e+00
8.010469999999999402e+01 1.402192890000000025e+00 3.488037890000000169e-02 9.081241833799527541e+00
8.011220000000000141e+01 1.414638840000000064e+00 3.625089079999999769e-02 8.950741339070690472e+00
7.997660000000000480e+01 1.421927460000000032e+00 3.706519429999999976e-02 8.999649435407683029e+00
8.001749999999999829e+01 1.430771419999999905e+00 3.804789480000000251e-02 9.019918373202607143e+00
8.010609999999999786e+01 1.440982240000000081e+00 3.917992499999999739e-02 8.944311553791420621e+00
7.999979999999999336e+01 1.449048839999999894e+00 4.008179430000000099e-02 8.916676585596098548e+00
7.994610000000000127e+01 1.456330380000000035e+00 4.089841470000000340e-02 9.012707274608736441e+00
8.003969999999999629e+01 1.469079889999999944e+00 4.231302960000000307e-02 8.918308791504729882e+00
8.006499999999999773e+01 1.477127209999999913e+00 4.321536659999999919e-02 8.869833390848754107e+00
7.996169999999999334e+01 1.484398529999999994e+00 4.403514750000000338e-02 8.961873060950710013e+00
7.999039999999999395e+01 1.496193330000000099e+00 4.535125629999999658e-02 8.854660069270115841e+00
8.011530000000000484e+01 1.503482070000000004e+00 4.617440929999999666e-02 8.870527932500136714e+00
8.000369999999999493e+01 1.511554559999999992e+00 4.708444419999999880e-02 8.833597575743359798e+00
7.995820000000000505e+01 1.518918610000000058e+00 4.791808530000000316e-02 8.947610342418695240e+00
8.004290000000000305e+01 1.531688380000000071e+00 4.934525630000000107e-02 8.825684944463715098e+00
8.011109999999999332e+01 1.539736350000000087e+00 5.025713679999999767e-02 8.828449572366169562e+00
7.999349999999999739e+01 1.547074679999999924e+00 5.108835070000000006e-02 8.921192106768566887e+00
8.004859999999999332e+01 1.560332269999999966e+00 5.257442899999999891e-02 8.777089265746619517e+00
8.014270000000000493e+01 1.567630590000000046e+00 5.340594840000000010e-02 8.801119992463041442e+00
8.004080000000000439e+01 1.575701900000000100e+00 5.432302600000000342e-02 8.833685236160761178e+00
8.000239999999999441e+01 1.585848799999999947e+00 5.547168589999999788e-02 8.766335671919692984e+00
8.011879999999999313e+01 1.594216590000000044e+00 5.642622270000000051e-02 8.755641558883334952e+00
8.004760000000000275e+01 1.601484169999999985e+00 5.725626810000000039e-02 8.856572106733956673e+00
7.998820000000000618e+01 1.613892340000000036e+00 5.865728080000000288e-02 8.789712888384864087e+00
8.005450000000000443e+01 1.622713230000000006e+00 5.966082780000000335e-02 8.681981501057697059e+00
8.009059999999999491e+01 1.629960330000000068e+00 6.049555660000000001e-02 8.805665121125137773e+00
7.995369999999999777e+01 1.640919969999999894e+00 6.174016899999999752e-02 5.927343622300616843e+00
8.001519999999999300e+01 1.647722869999999951e+00 6.288788380000000233e-02 8.887000818942379254e+00
8.006919999999999504e+01 1.656091779999999902e+00 6.382958619999999639e-02 8.861703437803591044e+00
8.011669999999999447e+01 1.663395369999999929e+00 6.465376069999999309e-02 8.890446927749570349e+00
7.997400000000000375e+01 1.675839910000000099e+00 6.605352609999999569e-02 8.854879015666135444e+00
7.994910000000000139e+01 1.684663000000000022e+00 6.704993609999999882e-02 8.804704540911753696e+00
8.005549999999999500e+01 1.691940119999999936e+00 6.787643969999999916e-02 8.860593335821972616e+00
7.998529999999999518e+01 1.702915900000000038e+00 6.911515810000000426e-02 8.756698113616566914e+00
7.992619999999999436e+01 1.710186659999999970e+00 6.994546649999999754e-02 8.802135722540485929e+00
7.999869999999999948e+01 1.718590000000000062e+00 7.090015980000000106e-02 8.845596828644428200e+00
8.008249999999999602e+01 1.730974790000000096e+00 7.230026770000000380e-02 8.736086512423325345e+00
7.993569999999999709e+01 1.738237000000000032e+00 7.313155640000000568e-02 8.772338522301984298e+00
7.992810000000000059e+01 1.747123900000000063e+00 7.414461579999999385e-02 8.802960994321402666e+00
8.005230000000000246e+01 1.757313829999999966e+00 7.530217290000000563e-02 8.716793138204113944e+00
8.003040000000000020e+01 1.765401709999999902e+00 7.623002330000000493e-02 8.687857711193014865e+00
7.997709999999999297e+01 1.772614750000000017e+00 7.706026709999999613e-02 8.734986245047739573e+00
8.006109999999999616e+01 1.780957310000000016e+00 7.801534129999999900e-02 8.779166559964810546e+00
8.014700000000000557e+01 1.793367509999999942e+00 7.942893789999999621e-02 8.686896384612374789e+00
8.001630000000000109e+01 1.800666579999999906e+00 8.026917699999999711e-02 8.723470523423221934e+00
8.003209999999999980e+01 1.809430380000000005e+00 8.127380010000000155e-02 8.723930151828595214e+00
8.013429999999999609e+01 1.819579829999999898e+00 8.243720350000000030e-02 8.669377283979679660e+00
8.002649999999999864e+01 1.827592859999999986e+00 8.336149480000000500e-02 8.644995888943267204e+00
7.993840000000000146e+01 1.834867720000000091e+00 8.420300590000000251e-02 8.744358789570858548e+00
7.999769999999999470e+01 1.847595859999999979e+00 8.565858889999999892e-02 8.643636084388010232e+00
8.007569999999999766e+01 1.855621189999999920e+00 8.658705580000000679e-02 8.608920566872585667e+00
7.995040000000000191e+01 1.862908680000000095e+00 8.743356030000000445e-02 8.714976841235813509e+00
7.993670000000000186e+01 1.874661920000000093e+00 8.878218579999999638e-02 8.611352870089648448e+00
8.006289999999999907e+01 1.881935240000000009e+00 8.962680570000000624e-02 8.585014032544478368e+00
7.996939999999999316e+01 1.889954930000000033e+00 9.056095560000000655e-02 8.681983228341092484e+00
7.991299999999999670e+01 1.902659810000000062e+00 9.202431710000000264e-02 8.591867378301563107e+00
7.997379999999999711e+01 1.909936539999999905e+00 9.287124939999999440e-02 8.598040177896150382e+00
8.006560000000000343e+01 1.917961170000000104e+00 9.380455860000000423e-02 8.564841620776979525e+00
7.993699999999999761e+01 1.925231560000000064e+00 9.465342309999999482e-02 8.670929783129720292e+00
7.994039999999999679e+01 1.936969029999999981e+00 9.600708069999999705e-02 8.565617475617315790e+00
8.005620000000000402e+01 1.944242220000000021e+00 9.685619519999999483e-02 8.544451339799978840e+00
7.999699999999999989e+01 1.952280239999999889e+00 9.779692500000000677e-02 8.666303671352578064e+00
7.992189999999999372e+01 1.964968700000000013e+00 9.926103940000000070e-02 8.525080387816988292e+00
8.001359999999999673e+01 1.972223540000000108e+00 1.001120389999999999e-01 8.562194531661504016e+00
8.007909999999999684e+01 1.980219020000000052e+00 1.010458510000000060e-01 8.018295484524605499e+00
7.996659999999999968e+01 1.982923999999999909e+00 1.013832020000000056e-01 -1.271068075123655348e+02
7.996290000000000475e+01 1.982707409999999948e+00 1.013849059999999969e-01 3.710766423357242871e+01
8.009579999999999700e+01 1.982422719999999972e+00 1.013772339999999966e-01 -1.444807010999705454e+01
8.005100000000000193e+01 1.982267750000000106e+00 1.013879599999999992e-01 0.000000000000000000e+00
0.000000000000000000e+00 0.000000000000000000e+00 0.000000000000000000e+00 0.000000000000000000e+00
0.000000000000000000e+00 0.000000000000000000e+00 0.000000000000000000e+00 0.000000000000000000e+00
0.000000000000000000e+00 0.000000000000000000e+00 0.000000000000000000e+00 0.000000000000000000e+00
0.000000000000000000e+00 0.000000000000000000e+00 0.000000000000000000e+00 0.000000000000000000e+00
0.000000000000000000e+00 0.000000000000000000e+00 0.000000000000000000e+00 0.000000000000000000e+00
0.000000000000000000e+00 0.000000000000000000e+00 0.000000000000000000e+00 0.000000000000000000e+00
0.000000000000000000e+00 0.000000000000000000e+00 0.000000000000000000e+00 0.000000000000000000e+00
0.000000000000000000e+00 0.000000000000000000e+00 0.000000000000000000e+00 0.000000000000000000e+00
0.000000000000000000e+00 0.000000000000000000e+00 0.000000000000000000e+00 0.000000000000000000e+00
0.000000000000000000e+00 0.000000000000000000e+00 0.000000000000000000e+00 0.000000000000000000e+00
0.000000000000000000e+00 0.000000000000000000e+00 0.000000000000000000e+00 0.000000000000000000e+00
0.000000000000000000e+00 0.000000000000000000e+00 0.000000000000000000e+00 0.000000000000000000e+00
0.000000000000000000e+00 0.000000000000000000e+00 0.000000000000000000e+00 0.000000000000000000e+00
0.000000000000000000e+00 0.000000000000000000e+00 0.000000000000000000e+00 0.000000000000000000e+00
0.000000000000000000e+00 0.000000000000000000e+00 0.000000000000000000e+00 0.000000000000000000e+00
0.000000000000000000e+00 0.000000000000000000e+00 0.000000000000000000e+00 0.000000000000000000e+00
0.000000000000000000e+00 0.000000000000000000e+00 0.000000000000000000e+00 0.000000000000000000e+00
0.000000000000000000e+00 0.000000000000000000e+00 0.000000000000000000e+00 0.000000000000000000e+00
0.000000000000000000e+00 0.000000000000000000e+00 0.000000000000000000e+00 0.000000000000000000e+00
0.000000000000000000e+00 0.000000000000000000e+00 0.000000000000000000e+00 0.000000000000000000e+00
0.000000000000000000e+00 0.000000000000000000e+00 0.000000000000000000e+00 0.000000000000000000e+00
0.000000000000000000e+00 0.000000000000000000e+00 0.000000000000000000e+00 0.000000000000000000e+00
0.000000000000000000e+00 0.000000000000000000e+00 0.000000000000000000e+00 0.000000000000000000e+00
0.000000000000000000e+00 0.000000000000000000e+00 0.000000000000000000e+00 0.000000000000000000e+00
0.000000000000000000e+00 0.000000000000000000e+00 0.000000000000000000e+00 0.000000000000000000e+00
0.000000000000000000e+00 0.000000000000000000e+00 0.000000000000000000e+00 0.000000000000000000e+00
0.000000000000000000e+00 0.000000000000000000e+00 0.000000000000000000e+00 0.000000000000000000e+00
0.000000000000000000e+00 0.000000000000000000e+00 0.000000000000000000e+00 0.000000000000000000e+00
0.000000000000000000e+00 0.000000000000000000e+00 0.000000000000000000e+00 0.000000000000000000e+00
0.000000000000000000e+00 0.000000000000000000e+00 0.000000000000000000e+00 0.000000000000000000e+00
0.000000000000000000e+00 0.000000000000000000e+00 0.000000000000000000e+00 0.000000000000000000e+00
0.000000000000000000e+00 0.000000000000000000e+00 0.000000000000000000e+00 0.000000000000000000e+00
0.000000000000000000e+00 0.000000000000000000e+00 0.000000000000000000e+00 0.000000000000000000e+00
0.000000000000000000e+00 0.000000000000000000e+00 0.000000000000000000e+00 0.000000000000000000e+00
0.000000000000000000e+00 0.000000000000000000e+00 0.000000000000000000e+00 0.000000000000000000e+00
0.000000000000000000e+00 0.000000000000000000e+00 0.000000000000000000e+00 0.000000000000000000e+00
